Date,Open,High,Low,Close,Adj Close,Volume
2000-01-31,6.709000110626221,6.709000110626221,6.5980000495910645,6.666999816894531,6.666999816894531,0
2000-02-29,6.418000221252441,6.447999954223633,6.40500020980835,6.408999919891357,6.408999919891357,0
2000-03-31,6.068999767303467,6.080999851226807,5.99399995803833,6.0229997634887695,6.0229997634887695,0
2000-04-30,6.251999855041504,6.290999889373779,6.070000171661377,6.214000225067139,6.214000225067139,0
2000-05-31,6.349999904632568,6.349999904632568,6.271999835968018,6.284999847412109,6.284999847412109,0
2000-06-30,6.00600004196167,6.031000137329102,5.997000217437744,6.01800012588501,6.01800012588501,0
2000-07-31,6.050000190734863,6.054999828338623,6.025000095367432,6.0289998054504395,6.0289998054504395,0
2000-08-31,5.7870001792907715,5.800000190734863,5.71999979019165,5.729000091552734,5.729000091552734,0
2000-09-30,5.808000087738037,5.811999797821045,5.76200008392334,5.7779998779296875,5.7779998779296875,0
2000-10-31,5.718999862670898,5.761000156402588,5.693999767303467,5.756999969482422,5.756999969482422,0
2000-11-30,5.488999843597412,5.521999835968018,5.427000045776367,5.439000129699707,5.439000129699707,0
2000-12-31,5.1020002365112305,5.118000030517578,5.068999767303467,5.110000133514404,5.110000133514404,0
2001-01-31,5.178999900817871,5.196000099182129,5.166999816894531,5.178999900817871,5.178999900817871,0
2001-02-28,4.923999786376953,4.955999851226807,4.9079999923706055,4.9079999923706055,4.9079999923706055,0
2001-03-31,5.006999969482422,5.120999813079834,4.877999782562256,4.914999961853027,4.914999961853027,0
2001-04-30,5.329999923706055,5.39300012588501,5.329999923706055,5.3379998207092285,5.3379998207092285,0
2001-05-31,5.480999946594238,5.480999946594238,5.408999919891357,5.413000106811523,5.413000106811523,0
2001-06-30,5.360000133514404,5.420000076293945,5.3520002365112305,5.389999866485596,5.389999866485596,0
2001-07-31,5.065999984741211,5.078999996185303,5.0329999923706055,5.0370001792907715,5.0370001792907715,0
2001-08-31,4.803999900817871,4.843999862670898,4.803999900817871,4.815999984741211,4.815999984741211,0
2001-09-30,4.546999931335449,4.578000068664551,4.508999824523926,4.574999809265137,4.574999809265137,0
2001-10-31,4.415999889373779,4.442999839782715,4.255000114440918,4.263000011444092,4.263000011444092,0
2001-11-30,4.76800012588501,4.791999816894531,4.699999809265137,4.74399995803833,4.74399995803833,0
2001-12-31,5.111000061035156,5.111000061035156,5.007999897003174,5.0320000648498535,5.0320000648498535,0
2002-01-31,5.007999897003174,5.025000095367432,4.958000183105469,5.025000095367432,5.025000095367432,0
2002-02-28,4.830999851226807,4.894999980926514,4.827000141143799,4.859000205993652,4.859000205993652,0
2002-03-31,5.360000133514404,5.447999954223633,5.326000213623047,5.406000137329102,5.406000137329102,0
2002-04-30,5.124000072479248,5.127999782562256,5.086999893188477,5.091000080108643,5.091000080108643,0
2002-05-31,5.039000034332275,5.085999965667725,5.014999866485596,5.043000221252441,5.043000221252441,0
2002-06-30,4.822999954223633,4.866000175476074,4.803999900817871,4.823999881744385,4.823999881744385,0
2002-07-31,4.5970001220703125,4.607999801635742,4.446000099182129,4.465000152587891,4.465000152587891,0
2002-08-31,4.125,4.175000190734863,4.11299991607666,4.13700008392334,4.13700008392334,0
2002-09-30,3.6440000534057617,3.6470000743865967,3.566999912261963,3.6070001125335693,3.6070001125335693,0
2002-10-31,3.9649999141693115,3.997999906539917,3.8929998874664307,3.9110000133514404,3.9110000133514404,0
2002-11-30,4.208000183105469,4.250999927520752,4.186999797821045,4.2129998207092285,4.2129998207092285,0
2002-12-31,3.802000045776367,3.8380000591278076,3.759000062942505,3.818000078201294,3.818000078201294,0
2003-01-31,3.9719998836517334,4.00600004196167,3.9489998817443848,3.9749999046325684,3.9749999046325684,0
2003-02-28,3.746000051498413,3.7839999198913574,3.691999912261963,3.696000099182129,3.696000099182129,0
2003-03-31,3.8399999141693115,3.8550000190734863,3.796999931335449,3.822999954223633,3.822999954223633,0
2003-04-30,3.924999952316284,3.9539999961853027,3.8550000190734863,3.8570001125335693,3.8570001125335693,0
2003-05-31,3.325000047683716,3.421999931335449,3.319999933242798,3.3499999046325684,3.3499999046325684,0
2003-06-30,3.5420000553131104,3.572000026702881,3.5,3.5280001163482666,3.5280001163482666,0
2003-07-31,4.250999927520752,4.565999984741211,4.249000072479248,4.473999977111816,4.473999977111816,0
2003-08-31,4.423999786376953,4.493000030517578,4.416999816894531,4.453999996185303,4.453999996185303,0
2003-09-30,4.063000202178955,4.066999912261963,3.934999942779541,3.937000036239624,3.937000036239624,0
2003-10-31,4.348999977111816,4.35099983215332,4.283999919891357,4.301000118255615,4.301000118255615,0
2003-11-30,4.297999858856201,4.327000141143799,4.295000076293945,4.320000171661377,4.320000171661377,0
2003-12-31,4.264999866485596,4.2820000648498535,4.249000072479248,4.256999969482422,4.256999969482422,0
2004-01-31,4.182000160217285,4.186999797821045,4.125999927520752,4.138000011444092,4.138000011444092,0
2004-02-29,4.004000186920166,4.0279998779296875,3.9820001125335693,3.9839999675750732,3.9839999675750732,0
2004-03-31,3.888000011444092,3.888000011444092,3.8369998931884766,3.8369998931884766,3.8369998931884766,0
2004-04-30,4.535999774932861,4.553999900817871,4.48799991607666,4.500999927520752,4.500999927520752,0
2004-05-31,4.642000198364258,4.668000221252441,4.591000080108643,4.65500020980835,4.65500020980835,0
2004-06-30,4.678999900817871,4.682000160217285,4.589000225067139,4.617000102996826,4.617000102996826,0
2004-07-31,4.564000129699707,4.565000057220459,4.46999979019165,4.474999904632568,4.474999904632568,0
2004-08-31,4.182000160217285,4.184000015258789,4.0960001945495605,4.131999969482422,4.131999969482422,0
2004-09-30,4.070000171661377,4.170000076293945,4.056000232696533,4.11899995803833,4.11899995803833,0
2004-10-31,4.079999923706055,4.089000225067139,4.025000095367432,4.0289998054504395,4.0289998054504395,0
2004-11-30,4.334000110626221,4.381999969482422,4.329999923706055,4.357999801635742,4.357999801635742,0
2004-12-31,4.228000164031982,4.243000030517578,4.216000080108643,4.216000080108643,4.216000080108643,0
2005-01-31,4.163000106811523,4.169000148773193,4.132999897003174,4.132999897003174,4.132999897003174,0
2005-02-28,4.271999835968018,4.383999824523926,4.26800012588501,4.359000205993652,4.359000205993652,157900
2005-03-31,4.557000160217285,4.560999870300293,4.489999771118164,4.495999813079834,4.495999813079834,0
2005-04-30,4.201000213623047,4.2129998207092285,4.144000053405762,4.201000213623047,4.201000213623047,0
2005-05-31,4.047999858856201,4.047999858856201,3.992000102996826,4.00600004196167,4.00600004196167,0
2005-06-30,3.9820001125335693,3.989000082015991,3.936000108718872,3.944999933242798,3.944999933242798,0
2005-07-31,4.203000068664551,4.297999858856201,4.193999767303467,4.285999774932861,4.285999774932861,0
2005-08-31,4.0960001945495605,4.0960001945495605,4.005000114440918,4.019999980926514,4.019999980926514,0
2005-09-30,4.289000034332275,4.341000080108643,4.2789998054504395,4.328000068664551,4.328000068664551,0
2005-10-31,4.585000038146973,4.5929999351501465,4.533999919891357,4.559000015258789,4.559000015258789,0
2005-11-30,4.4679999351501465,4.51200008392334,4.454999923706055,4.5,4.5,0
2005-12-31,4.357999801635742,4.396999835968018,4.334000110626221,4.394999980926514,4.394999980926514,0
2006-01-31,4.5329999923706055,4.552999973297119,4.511000156402588,4.5269999504089355,4.5269999504089355,0
2006-02-28,4.580999851226807,4.589000225067139,4.539000034332275,4.546999931335449,4.546999931335449,0
2006-03-31,4.853000164031982,4.874000072479248,4.833000183105469,4.853000164031982,4.853000164031982,0
2006-04-30,5.105000019073486,5.113999843597412,5.065000057220459,5.068999767303467,5.068999767303467,0
2006-05-31,5.072000026702881,5.125,5.058000087738037,5.11299991607666,5.11299991607666,0
2006-06-30,5.21999979019165,5.223999977111816,5.133999824523926,5.138000011444092,5.138000011444092,0
2006-07-31,5.001999855041504,5.01200008392334,4.985000133514404,4.98799991607666,4.98799991607666,0
2006-08-31,4.750999927520752,4.764999866485596,4.728000164031982,4.73199987411499,4.73199987411499,0
2006-09-30,4.6020002365112305,4.658999919891357,4.5980000495910645,4.632999897003174,4.632999897003174,0
2006-10-31,4.658999919891357,4.672999858856201,4.605999946594238,4.605999946594238,4.605999946594238,0
2006-11-30,4.502999782562256,4.511000156402588,4.455999851226807,4.458000183105469,4.458000183105469,0
2006-12-31,4.693999767303467,4.71999979019165,4.685999870300293,4.710000038146973,4.710000038146973,0
2007-01-31,4.864999771118164,4.9019999504089355,4.826000213623047,4.826000213623047,4.826000213623047,0
2007-02-28,4.553999900817871,4.577000141143799,4.525000095367432,4.550000190734863,4.550000190734863,0
2007-03-31,4.638000011444092,4.671999931335449,4.583000183105469,4.6479997634887695,4.6479997634887695,0
2007-04-30,4.679999828338623,4.679999828338623,4.627999782562256,4.630000114440918,4.630000114440918,0
2007-05-31,4.868000030517578,4.921000003814697,4.866000175476074,4.889999866485596,4.889999866485596,0
2007-06-30,5.089000225067139,5.091000080108643,5.031000137329102,5.0329999923706055,5.0329999923706055,0
2007-07-31,4.836999893188477,4.8429999351501465,4.769000053405762,4.770999908447266,4.770999908447266,0
2007-08-31,4.548999786376953,4.576000213623047,4.517000198364258,4.5370001792907715,4.5370001792907715,0
2007-09-30,4.545000076293945,4.607999801635742,4.526000022888184,4.578999996185303,4.578999996185303,0
2007-10-31,4.415999889373779,4.479000091552734,4.39300012588501,4.474999904632568,4.474999904632568,0
2007-11-30,3.9739999771118164,4.041999816894531,3.944999933242798,3.9719998836517334,3.9719998836517334,0
2007-12-31,4.039999961853027,4.058000087738037,4.013999938964844,4.034999847412109,4.034999847412109,0
2008-01-31,3.628000020980835,3.6579999923706055,3.569000005722046,3.6389999389648438,3.6389999389648438,0
2008-02-29,3.5959999561309814,3.624000072479248,3.5320000648498535,3.5339999198913574,3.5339999198913574,0
2008-03-31,3.434000015258789,3.434000015258789,3.384999990463257,3.431999921798706,3.431999921798706,0
2008-04-30,3.819999933242798,3.871999979019165,3.759000062942505,3.759000062942505,3.759000062942505,0
2008-05-31,4.056000232696533,4.060999870300293,4.019000053405762,4.046000003814697,4.046000003814697,0
2008-06-30,3.992000102996826,4.004000186920166,3.9539999961853027,3.9790000915527344,3.9790000915527344,0
2008-07-31,4.044000148773193,4.053999900817871,3.950000047683716,3.9790000915527344,3.9790000915527344,0
2008-08-31,3.7799999713897705,3.8459999561309814,3.763000011444092,3.812999963760376,3.812999963760376,0
2008-09-30,3.619999885559082,3.8269999027252197,3.61299991607666,3.8269999027252197,3.8269999027252197,0
2008-10-31,3.88100004196167,3.9719998836517334,3.8410000801086426,3.9700000286102295,3.9700000286102295,0
2008-11-30,2.9739999771118164,2.996999979019165,2.930000066757202,2.9570000171661377,2.9570000171661377,0
2008-12-31,2.0799999237060547,2.252000093460083,2.072000026702881,2.24399995803833,2.24399995803833,0
2009-01-31,2.8310000896453857,2.8559999465942383,2.75600004196167,2.8440001010894775,2.8440001010894775,0
2009-02-28,2.931999921798706,3.052000045776367,2.9210000038146973,3.0409998893737793,3.0409998893737793,0
2009-03-31,2.739000082015991,2.740999937057495,2.678999900817871,2.684999942779541,2.684999942779541,0
2009-04-30,3.131999969482422,3.1659998893737793,3.0959999561309814,3.124000072479248,3.124000072479248,0
2009-05-31,3.628000020980835,3.634000062942505,3.4649999141693115,3.4649999141693115,3.4649999141693115,0
2009-06-30,3.492000102996826,3.5829999446868896,3.4730000495910645,3.5230000019073486,3.5230000019073486,0
2009-07-31,3.63700008392334,3.6470000743865967,3.494999885559082,3.500999927520752,3.500999927520752,0
2009-08-31,3.4230000972747803,3.4600000381469727,3.3940000534057617,3.4010000228881836,3.4010000228881836,0
2009-09-30,3.305000066757202,3.3310000896453857,3.2799999713897705,3.306999921798706,3.306999921798706,0
2009-10-31,3.4690001010894775,3.4690001010894775,3.3919999599456787,3.3919999599456787,3.3919999599456787,0
2009-11-30,3.2360000610351562,3.249000072479248,3.2009999752044678,3.2009999752044678,3.2009999752044678,0
2009-12-31,3.809000015258789,3.9179999828338623,3.809000015258789,3.8429999351501465,3.8429999351501465,0
2010-01-31,3.6619999408721924,3.694999933242798,3.6019999980926514,3.6089999675750732,3.6089999675750732,0
2010-02-28,3.628999948501587,3.635999917984009,3.5850000381469727,3.5950000286102295,3.5950000286102295,0
2010-03-31,3.819999933242798,3.8529999256134033,3.818000078201294,3.8329999446868896,3.8329999446868896,0
2010-04-30,3.746000051498413,3.753000020980835,3.6549999713897705,3.6630001068115234,3.6630001068115234,0
2010-05-31,3.3350000381469727,3.3420000076293945,3.2939999103546143,3.3010001182556152,3.3010001182556152,0
2010-06-30,2.9539999961853027,2.98799991607666,2.947000026702881,2.9509999752044678,2.9509999752044678,0
2010-07-31,2.9570000171661377,2.9570000171661377,2.9030001163482666,2.9070000648498535,2.9070000648498535,0
2010-08-31,2.503999948501587,2.513000011444092,2.4679999351501465,2.4769999980926514,2.4769999980926514,0
2010-09-30,2.4760000705718994,2.6010000705718994,2.4709999561309814,2.5169999599456787,2.5169999599456787,0
2010-10-31,2.6500000953674316,2.6630001068115234,2.609999895095825,2.611999988555908,2.611999988555908,0
2010-11-30,2.7730000019073486,2.805999994277954,2.750999927520752,2.796999931335449,2.796999931335449,0
2010-12-31,3.3239998817443848,3.36299991607666,3.2820000648498535,3.305000066757202,3.305000066757202,0
2011-01-31,3.3570001125335693,3.4040000438690186,3.3289999961853027,3.378000020980835,3.378000020980835,0
2011-02-28,3.424999952316284,3.427000045776367,3.4030001163482666,3.4140000343322754,3.4140000343322754,0
2011-03-31,3.428999900817871,3.4820001125335693,3.4030001163482666,3.4539999961853027,3.4539999961853027,0
2011-04-30,3.2990000247955322,3.3329999446868896,3.2860000133514404,3.2960000038146973,3.2960000038146973,0
2011-05-31,3.0859999656677246,3.0989999771118164,3.0409998893737793,3.049999952316284,3.049999952316284,0
2011-06-30,3.0950000286102295,3.2160000801086426,3.0880000591278076,3.1579999923706055,3.1579999923706055,0
2011-07-31,2.9200000762939453,2.9200000762939453,2.805000066757202,2.805000066757202,2.805000066757202,0
2011-08-31,2.1649999618530273,2.2230000495910645,2.1389999389648438,2.2179999351501465,2.2179999351501465,0
2011-09-30,1.9500000476837158,1.9550000429153442,1.8930000066757202,1.9240000247955322,1.9240000247955322,0
2011-10-31,2.2360000610351562,2.236999988555908,2.174999952316284,2.174999952316284,2.174999952316284,0
2011-11-30,2.059000015258789,2.1070001125335693,2.0450000762939453,2.068000078201294,2.068000078201294,0
2011-12-31,1.9040000438690186,1.9040000438690186,1.8569999933242798,1.871000051498413,1.871000051498413,0
2012-01-31,1.8509999513626099,1.8559999465942383,1.7970000505447388,1.7990000247955322,1.7990000247955322,0
2012-02-29,1.9190000295639038,2.009000062942505,1.9170000553131104,1.9769999980926514,1.9769999980926514,0
2012-03-31,2.1519999504089355,2.236999988555908,2.1410000324249268,2.2160000801086426,2.2160000801086426,0
2012-04-30,1.9190000295639038,1.9240000247955322,1.906999945640564,1.9149999618530273,1.9149999618530273,0
2012-05-31,1.6169999837875366,1.6169999837875366,1.5329999923706055,1.5809999704360962,1.5809999704360962,0
2012-06-30,1.6430000066757202,1.6759999990463257,1.6349999904632568,1.659000039100647,1.659000039100647,0
2012-07-31,1.4780000448226929,1.5210000276565552,1.465999960899353,1.4919999837875366,1.4919999837875366,0
2012-08-31,1.6440000534057617,1.6490000486373901,1.562000036239624,1.562000036239624,1.562000036239624,0
2012-09-30,1.6180000305175781,1.6510000228881836,1.5989999771118164,1.6369999647140503,1.6369999647140503,0
2012-10-31,1.7330000400543213,1.7350000143051147,1.6859999895095825,1.6859999895095825,1.6859999895095825,0
2012-11-30,1.6050000190734863,1.6230000257492065,1.5959999561309814,1.6059999465942383,1.6059999465942383,0
2012-12-31,1.6959999799728394,1.7649999856948853,1.694000005722046,1.75600004196167,1.75600004196167,0
2013-01-31,1.9739999771118164,2.00600004196167,1.9709999561309814,1.9850000143051147,1.9850000143051147,0
2013-02-28,1.8760000467300415,1.906999945640564,1.871999979019165,1.8880000114440918,1.8880000114440918,0
2013-03-31,1.8639999628067017,1.8680000305175781,1.843000054359436,1.8519999980926514,1.8519999980926514,0
2013-04-30,1.6510000228881836,1.6790000200271606,1.6380000114440918,1.6749999523162842,1.6749999523162842,0
2013-05-31,2.0920000076293945,2.2109999656677246,2.0840001106262207,2.1640000343322754,2.1640000343322754,0
2013-06-30,2.496999979019165,2.5510001182556152,2.4779999256134033,2.4779999256134033,2.4779999256134033,0
2013-07-31,2.6559998989105225,2.7019999027252197,2.5899999141693115,2.5929999351501465,2.5929999351501465,0
2013-08-31,2.7690000534057617,2.7839999198913574,2.74399995803833,2.749000072479248,2.749000072479248,0
2013-09-30,2.6059999465942383,2.6440000534057617,2.5989999771118164,2.615000009536743,2.615000009536743,0
2013-10-31,2.5179998874664307,2.571000099182129,2.502000093460083,2.5420000553131104,2.5420000553131104,0
2013-11-30,2.746000051498413,2.7679998874664307,2.7360000610351562,2.740999937057495,2.740999937057495,0
2013-12-31,2.984999895095825,3.0360000133514404,2.9830000400543213,3.0260000228881836,3.0260000228881836,0
2014-01-31,2.6480000019073486,2.674999952316284,2.6459999084472656,2.6679999828338623,2.6679999828338623,0
2014-02-28,2.640000104904175,2.697999954223633,2.640000104904175,2.6579999923706055,2.6579999923706055,0
2014-03-31,2.74399995803833,2.7679998874664307,2.7230000495910645,2.7230000495910645,2.7230000495910645,0
2014-04-30,2.7109999656677246,2.7109999656677246,2.6480000019073486,2.6480000019073486,2.6480000019073486,0
2014-05-31,2.4660000801086426,2.490999937057495,2.4519999027252197,2.4570000171661377,2.4570000171661377,0
2014-06-30,2.5199999809265137,2.546999931335449,2.5139999389648438,2.5160000324249268,2.5160000324249268,0
2014-07-31,2.569000005722046,2.614000082015991,2.5420000553131104,2.555999994277954,2.555999994277954,0
2014-08-31,2.3450000286102295,2.3540000915527344,2.325000047683716,2.3429999351501465,2.3429999351501465,0
2014-09-30,2.503999948501587,2.510999917984009,2.4839999675750732,2.507999897003174,2.507999897003174,0
2014-10-31,2.3320000171661377,2.3499999046325684,2.316999912261963,2.3350000381469727,2.3350000381469727,0
2014-11-30,2.2090001106262207,2.2179999351501465,2.194000005722046,2.194000005722046,2.194000005722046,0
2014-12-31,2.177000045776367,2.190000057220459,2.1689999103546143,2.1700000762939453,2.1700000762939453,0
2015-01-31,1.7020000219345093,1.7070000171661377,1.6510000228881836,1.6749999523162842,1.6749999523162842,0
2015-02-28,2.0239999294281006,2.0490000247955322,2.0,2.002000093460083,2.002000093460083,0
2015-03-31,1.9390000104904175,1.968000054359436,1.9279999732971191,1.934000015258789,1.934000015258789,0
2015-04-30,2.0339999198913574,2.109999895095825,2.0299999713897705,2.0460000038146973,2.0460000038146973,0
2015-05-31,2.128000020980835,2.134000062942505,2.0920000076293945,2.0950000286102295,2.0950000286102295,0
2015-06-30,2.361999988555908,2.378000020980835,2.309999942779541,2.3350000381469727,2.3350000381469727,0
2015-07-31,2.259000062942505,2.260999917984009,2.194000005722046,2.2049999237060547,2.2049999237060547,0
2015-08-31,2.1610000133514404,2.2070000171661377,2.13700008392334,2.200000047683716,2.200000047683716,0
2015-09-30,2.0910000801086426,2.0929999351501465,2.052999973297119,2.059999942779541,2.059999942779541,0
2015-10-31,2.1730000972747803,2.181999921798706,2.1419999599456787,2.1510000228881836,2.1510000228881836,0
2015-11-30,2.2320001125335693,2.2339999675750732,2.2130000591278076,2.2179999351501465,2.2179999351501465,0
2015-12-31,2.2839999198913574,2.299999952316284,2.2660000324249268,2.2690000534057617,2.2690000534057617,0
2016-01-31,1.9229999780654907,1.9559999704360962,1.9110000133514404,1.930999994277954,1.930999994277954,0
2016-02-29,1.7519999742507935,1.7680000066757202,1.7369999885559082,1.7400000095367432,1.7400000095367432,0
2016-03-31,1.819000005722046,1.8320000171661377,1.7829999923706055,1.7860000133514404,1.7860000133514404,0
2016-04-30,1.8669999837875366,1.8739999532699585,1.819000005722046,1.819000005722046,1.819000005722046,0
2016-05-31,1.8739999532699585,1.8899999856948853,1.8339999914169312,1.8339999914169312,1.8339999914169312,0
2016-06-30,1.503999948501587,1.5119999647140503,1.4550000429153442,1.4880000352859497,1.4880000352859497,0
2016-07-31,1.524999976158142,1.5299999713897705,1.4579999446868896,1.4579999446868896,1.4579999446868896,0
2016-08-31,1.5750000476837158,1.5829999446868896,1.5540000200271606,1.5679999589920044,1.5679999589920044,0
2016-09-30,1.5479999780654907,1.6150000095367432,1.5449999570846558,1.6080000400543213,1.6080000400543213,0
2016-10-31,1.840000033378601,1.843000054359436,1.8259999752044678,1.8339999914169312,1.8339999914169312,0
2016-11-30,2.3589999675750732,2.4100000858306885,2.3540000915527344,2.368000030517578,2.368000030517578,0
2016-12-31,2.4739999771118164,2.4830000400543213,2.431999921798706,2.446000099182129,2.446000099182129,0
2017-01-31,2.484999895095825,2.496000051498413,2.433000087738037,2.4509999752044678,2.4509999752044678,0
2017-02-28,2.3559999465942383,2.36899995803833,2.3369998931884766,2.3580000400543213,2.3580000400543213,0
2017-03-31,2.4140000343322754,2.427000045776367,2.3949999809265137,2.3959999084472656,2.3959999084472656,0
2017-04-30,2.312999963760376,2.3359999656677246,2.2820000648498535,2.2820000648498535,2.2820000648498535,0
2017-05-31,2.2200000286102295,2.2219998836517334,2.196000099182129,2.196000099182129,2.196000099182129,0
2017-06-30,2.265000104904175,2.305000066757202,2.265000104904175,2.302000045776367,2.302000045776367,0
2017-07-31,2.2939999103546143,2.305000066757202,2.2909998893737793,2.2920000553131104,2.2920000553131104,0
2017-08-31,2.1429998874664307,2.1480000019073486,2.121000051498413,2.121000051498413,2.121000051498413,0
2017-09-30,2.312000036239624,2.3389999866485596,2.2960000038146973,2.3259999752044678,2.3259999752044678,0
2017-10-31,2.369999885559082,2.378999948501587,2.36899995803833,2.375999927520752,2.375999927520752,0
2017-11-30,2.390000104904175,2.437000036239624,2.38100004196167,2.4170000553131104,2.4170000553131104,0
2017-12-31,2.434000015258789,2.441999912261963,2.4049999713897705,2.4049999713897705,2.4049999713897705,0
2018-01-31,2.7130000591278076,2.753999948501587,2.697999954223633,2.7200000286102295,2.7200000286102295,0
2018-02-28,2.88100004196167,2.8970000743865967,2.868000030517578,2.868000030517578,2.868000030517578,0
2018-03-31,2.7679998874664307,2.7750000953674316,2.739000082015991,2.740999937057495,2.740999937057495,0
2018-04-30,2.9549999237060547,2.9590001106262207,2.934999942779541,2.936000108718872,2.936000108718872,0
2018-05-31,2.865999937057495,2.869999885559082,2.822000026702881,2.822000026702881,2.822000026702881,0
2018-06-30,2.8510000705718994,2.8529999256134033,2.8329999446868896,2.8489999771118164,2.8489999771118164,0
2018-07-31,2.9539999961853027,2.9690001010894775,2.944999933242798,2.9639999866485596,2.9639999866485596,0
2018-08-31,2.8420000076293945,2.8570001125335693,2.8310000896453857,2.8529999256134033,2.8529999256134033,0
2018-09-30,3.0309998989105225,3.058000087738037,3.0299999713897705,3.055999994277954,3.055999994277954,0
2018-10-31,3.1489999294281006,3.1610000133514404,3.134000062942505,3.1589999198913574,3.1589999198913574,0
2018-11-30,3.015000104904175,3.0220000743865967,3.007999897003174,3.013000011444092,3.013000011444092,0
2018-12-31,2.7320001125335693,2.744999885559082,2.678999900817871,2.686000108718872,2.686000108718872,0
2019-01-31,2.6740000247955322,2.6760001182556152,2.625999927520752,2.634999990463257,2.634999990463257,0
2019-02-28,2.6700000762939453,2.7239999771118164,2.6679999828338623,2.7109999656677246,2.7109999656677246,0
2019-03-31,2.4210000038146973,2.433000087738037,2.4030001163482666,2.4140000343322754,2.4140000343322754,0
2019-04-30,2.5320000648498535,2.549999952316284,2.503999948501587,2.509000062942505,2.509000062942505,0
2019-05-31,2.1610000133514404,2.184000015258789,2.13700008392334,2.1419999599456787,2.1419999599456787,0
2019-06-30,2.01200008392334,2.0329999923706055,1.9980000257492065,2.0,2.0,0
2019-07-31,2.0510001182556152,2.072000026702881,2.009000062942505,2.0209999084472656,2.0209999084472656,0
2019-08-31,1.524999976158142,1.531999945640564,1.5010000467300415,1.50600004196167,1.50600004196167,0
2019-09-30,1.6990000009536743,1.7130000591278076,1.6720000505447388,1.6749999523162842,1.6749999523162842,0
2019-10-31,1.7079999446868896,1.7139999866485596,1.680999994277954,1.690999984741211,1.690999984741211,0
2019-11-30,1.7719999551773071,1.7960000038146973,1.7640000581741333,1.7760000228881836,1.7760000228881836,0
2019-12-31,1.8980000019073486,1.9299999475479126,1.8949999809265137,1.9190000295639038,1.9190000295639038,0
2020-01-31,1.5499999523162842,1.555999994277954,1.5119999647140503,1.5199999809265137,1.5199999809265137,0
2020-02-29,1.2109999656677246,1.2230000495910645,1.1269999742507935,1.1269999742507935,1.1269999742507935,0
2020-03-31,0.7009999752044678,0.7200000286102295,0.6510000228881836,0.6980000138282776,0.6980000138282776,0
2020-04-30,0.6110000014305115,0.625,0.5809999704360962,0.621999979019165,0.621999979019165,0
2020-05-31,0.6639999747276306,0.6850000023841858,0.6480000019073486,0.6480000019073486,0.6480000019073486,0
2020-06-30,0.625,0.6660000085830688,0.6190000176429749,0.652999997138977,0.652999997138977,0
2020-07-31,0.5299999713897705,0.5640000104904175,0.527999997138977,0.5360000133514404,0.5360000133514404,0
2020-08-31,0.7329999804496765,0.7390000224113464,0.6919999718666077,0.6930000185966492,0.6930000185966492,0
2020-09-30,0.6449999809265137,0.7039999961853027,0.6449999809265137,0.6769999861717224,0.6769999861717224,0
2020-10-31,0.8199999928474426,0.8650000095367432,0.8159999847412109,0.8600000143051147,0.8600000143051147,0
2020-11-30,0.8500000238418579,0.859000027179718,0.8370000123977661,0.843999981880188,0.843999981880188,0
2020-12-31,0.9269999861717224,0.9369999766349792,0.9120000004768372,0.9169999957084656,0.9169999957084656,0
2021-01-31,1.0839999914169312,1.1050000190734863,1.065999984741211,1.093000054359436,1.093000054359436,0
2021-02-28,1.4700000286102295,1.5190000534057617,1.4390000104904175,1.4600000381469727,1.4600000381469727,0
2021-03-31,1.718999981880188,1.7510000467300415,1.7079999446868896,1.746000051498413,1.746000051498413,0
2021-04-30,1.6419999599456787,1.652999997138977,1.621999979019165,1.63100004196167,1.63100004196167,0
2021-05-31,1.6100000143051147,1.6180000305175781,1.5789999961853027,1.5809999704360962,1.5809999704360962,0
2021-06-30,1.4529999494552612,1.465999960899353,1.437999963760376,1.4429999589920044,1.4429999589920044,0
2021-07-31,1.2359999418258667,1.2510000467300415,1.2259999513626099,1.2389999628067017,1.2389999628067017,0
2021-08-31,1.2920000553131104,1.3140000104904175,1.2699999809265137,1.3040000200271606,1.3040000200271606,0
2021-09-30,1.5379999876022339,1.5549999475479126,1.5119999647140503,1.5290000438690186,1.5290000438690186,0
2021-10-31,1.6050000190734863,1.61899995803833,1.5540000200271606,1.5570000410079956,1.5570000410079956,0
2021-11-30,1.444000005722046,1.5,1.4119999408721924,1.4429999589920044,1.4429999589920044,0
2021-12-31,1.5049999952316284,1.5219999551773071,1.4910000562667847,1.5119999647140503,1.5119999647140503,0
2022-01-31,1.8029999732971191,1.815999984741211,1.7730000019073486,1.781999945640564,1.781999945640564,0
2022-02-28,1.9170000553131104,1.9199999570846558,1.8389999866485596,1.8389999866485596,1.8389999866485596,0
2022-03-31,2.322000026702881,2.3510000705718994,2.311000108718872,2.3269999027252197,2.3269999027252197,0
2022-04-30,2.8540000915527344,2.934000015258789,2.8540000915527344,2.88700008392334,2.88700008392334,0
2022-05-31,2.8299999237060547,2.877000093460083,2.828000068664551,2.8440001010894775,2.8440001010894775,0
2022-06-30,3.0350000858306885,3.0409998893737793,2.9719998836517334,2.9719998836517334,2.9719998836517334,0
2022-07-31,2.7070000171661377,2.7279999256134033,2.618000030517578,2.6419999599456787,2.6419999599456787,0
2022-08-31,3.127000093460083,3.1440000534057617,3.1029999256134033,3.132999897003174,3.132999897003174,0
2022-09-30,3.7139999866485596,3.803999900817871,3.686000108718872,3.803999900817871,3.803999900817871,0
2022-10-31,4.031000137329102,4.083000183105469,4.031000137329102,4.077000141143799,4.077000141143799,0
2022-11-30,3.7269999980926514,3.7980000972747803,3.690000057220459,3.703000068664551,3.703000068664551,0
2022-12-31,3.86899995803833,3.9049999713897705,3.8310000896453857,3.878999948501587,3.878999948501587,0
2023-01-31,3.5309998989105225,3.552999973297119,3.48799991607666,3.5290000438690186,3.5290000438690186,0
2023-02-28,3.947000026702881,3.9830000400543213,3.9040000438690186,3.9159998893737793,3.9159998893737793,0
2023-03-31,3.555999994277954,3.559999942779541,3.492000102996826,3.49399995803833,3.49399995803833,0
2023-04-30,3.4790000915527344,3.49399995803833,3.434999942779541,3.4519999027252197,3.4519999027252197,0
2023-05-31,3.6459999084472656,3.690999984741211,3.63100004196167,3.63700008392334,3.63700008392334,0
2023-06-30,3.859999895095825,3.871999979019165,3.806999921798706,3.819000005722046,3.819000005722046,0
2023-07-31,3.9609999656677246,3.994999885559082,3.940999984741211,3.9690001010894775,3.9690001010894775,0
