Date,Open,High,Low,Close,Adj Close,Volume
2000-01-31,6.482999801635742,6.493000030517578,6.431000232696533,6.491000175476074,6.491000175476074,0
2000-02-29,6.184999942779541,6.186999797821045,6.130000114440918,6.132999897003174,6.132999897003174,0
2000-03-31,5.883999824523926,5.89300012588501,5.828999996185303,5.8460001945495605,5.8460001945495605,0
2000-04-30,6.01200008392334,6.019000053405762,5.934000015258789,5.961999893188477,5.961999893188477,0
2000-05-31,6.072000026702881,6.072000026702881,6.000999927520752,6.017000198364258,6.017000198364258,0
2000-06-30,5.866000175476074,5.888999938964844,5.853000164031982,5.88100004196167,5.88100004196167,0
2000-07-31,5.790999889373779,5.803999900817871,5.7779998779296875,5.78000020980835,5.78000020980835,0
2000-08-31,5.730000019073486,5.739999771118164,5.668000221252441,5.673999786376953,5.673999786376953,0
2000-09-30,5.880000114440918,5.881999969482422,5.8480000495910645,5.86899995803833,5.86899995803833,0
2000-10-31,5.751999855041504,5.789999961853027,5.730999946594238,5.783999919891357,5.783999919891357,0
2000-11-30,5.61899995803833,5.650000095367432,5.572000026702881,5.585999965667725,5.585999965667725,0
2000-12-31,5.418000221252441,5.459000110626221,5.4019999504089355,5.459000110626221,5.459000110626221,0
2001-01-31,5.570000171661377,5.585000038146973,5.519999980926514,5.535999774932861,5.535999774932861,0
2001-02-28,5.335000038146973,5.375,5.328999996185303,5.336999893188477,5.336999893188477,0
2001-03-31,5.499000072479248,5.502999782562256,5.432000160217285,5.453000068664551,5.453000068664551,0
2001-04-30,5.795000076293945,5.803999900817871,5.771999835968018,5.771999835968018,5.771999835968018,0
2001-05-31,5.826000213623047,5.826000213623047,5.7769999504089355,5.7789998054504395,5.7789998054504395,0
2001-06-30,5.688000202178955,5.738999843597412,5.688000202178955,5.736000061035156,5.736000061035156,0
2001-07-31,5.519000053405762,5.5279998779296875,5.501999855041504,5.501999855041504,5.501999855041504,0
2001-08-31,5.38100004196167,5.400000095367432,5.366000175476074,5.368000030517578,5.368000030517578,0
2001-09-30,5.432000160217285,5.434000015258789,5.376999855041504,5.414999961853027,5.414999961853027,0
2001-10-31,5.2129998207092285,5.230000019073486,4.833000183105469,4.873000144958496,4.873000144958496,0
2001-11-30,5.23799991607666,5.291999816894531,5.201000213623047,5.264999866485596,5.264999866485596,0
2001-12-31,5.539999961853027,5.552999973297119,5.468999862670898,5.478000164031982,5.478000164031982,0
2002-01-31,5.423999786376953,5.439000129699707,5.382999897003174,5.426000118255615,5.426000118255615,0
2002-02-28,5.368000030517578,5.423999786376953,5.366000175476074,5.408999919891357,5.408999919891357,0
2002-03-31,5.761000156402588,5.849999904632568,5.751999855041504,5.815000057220459,5.815000057220459,0
2002-04-30,5.630000114440918,5.630000114440918,5.590000152587891,5.593999862670898,5.593999862670898,0
2002-05-31,5.6020002365112305,5.6579999923706055,5.583000183105469,5.611999988555908,5.611999988555908,0
2002-06-30,5.507999897003174,5.543000221252441,5.49399995803833,5.517000198364258,5.517000198364258,0
2002-07-31,5.39300012588501,5.4019999504089355,5.289000034332275,5.304999828338623,5.304999828338623,0
2002-08-31,4.947000026702881,4.9679999351501465,4.927000045776367,4.936999797821045,4.936999797821045,0
2002-09-30,4.665999889373779,4.668000221252441,4.618000030517578,4.6620001792907715,4.6620001792907715,0
2002-10-31,5.03000020980835,5.052000045776367,4.974999904632568,5.006999969482422,5.006999969482422,0
2002-11-30,5.066999912261963,5.0920000076293945,5.035999774932861,5.047999858856201,5.047999858856201,0
2002-12-31,4.758999824523926,4.789999961853027,4.709000110626221,4.7829999923706055,4.7829999923706055,0
2003-01-31,4.870999813079834,4.89300012588501,4.830999851226807,4.8470001220703125,4.8470001220703125,0
2003-02-28,4.7210001945495605,4.758999824523926,4.672999858856201,4.676000118255615,4.676000118255615,0
2003-03-31,4.875,4.881999969482422,4.822999954223633,4.836999893188477,4.836999893188477,0
2003-04-30,4.8379998207092285,4.855999946594238,4.7769999504089355,4.7779998779296875,4.7779998779296875,0
2003-05-31,4.3460001945495605,4.414000034332275,4.341000080108643,4.361999988555908,4.361999988555908,0
2003-06-30,4.576000213623047,4.624000072479248,4.556000232696533,4.565999984741211,4.565999984741211,0
2003-07-31,5.189000129699707,5.445000171661377,5.189000129699707,5.409999847412109,5.409999847412109,0
2003-08-31,5.2270002365112305,5.263999938964844,5.203999996185303,5.223999977111816,5.223999977111816,0
2003-09-30,4.99399995803833,4.997000217437744,4.883999824523926,4.883999824523926,4.883999824523926,0
2003-10-31,5.198999881744385,5.202000141143799,5.127999782562256,5.144999980926514,5.144999980926514,0
2003-11-30,5.111999988555908,5.130000114440918,5.103000164031982,5.125999927520752,5.125999927520752,0
2003-12-31,5.077000141143799,5.091000080108643,5.067999839782715,5.067999839782715,5.067999839782715,0
2004-01-31,5.006999969482422,5.01200008392334,4.949999809265137,4.965000152587891,4.965000152587891,0
2004-02-29,4.888999938964844,4.900000095367432,4.855999946594238,4.85699987411499,4.85699987411499,0
2004-03-31,4.804999828338623,4.809999942779541,4.7729997634887695,4.7769999504089355,4.7769999504089355,0
2004-04-30,5.302999973297119,5.322999954223633,5.267000198364258,5.2820000648498535,5.2820000648498535,0
2004-05-31,5.343999862670898,5.368000030517578,5.315999984741211,5.3480000495910645,5.3480000495910645,0
2004-06-30,5.35699987411499,5.366000175476074,5.2870001792907715,5.313000202178955,5.313000202178955,0
2004-07-31,5.285999774932861,5.289999961853027,5.201000213623047,5.204999923706055,5.204999923706055,0
2004-08-31,4.984000205993652,4.986999988555908,4.914000034332275,4.938000202178955,4.938000202178955,0
2004-09-30,4.8520002365112305,4.932000160217285,4.841000080108643,4.890999794006348,4.890999794006348,0
2004-10-31,4.841000080108643,4.8460001945495605,4.789000034332275,4.794000148773193,4.794000148773193,0
2004-11-30,4.9770002365112305,5.033999919891357,4.97599983215332,5.01200008392334,5.01200008392334,0
2004-12-31,4.854000091552734,4.857999801635742,4.822000026702881,4.822000026702881,4.822000026702881,0
2005-01-31,4.620999813079834,4.624000072479248,4.589000225067139,4.590000152587891,4.590000152587891,158000
2005-02-28,4.635000228881836,4.73199987411499,4.625999927520752,4.705999851226807,4.705999851226807,157900
2005-03-31,4.807000160217285,4.813000202178955,4.75600004196167,4.765999794006348,4.765999794006348,0
2005-04-30,4.519999980926514,4.533999919891357,4.468999862670898,4.519000053405762,4.519000053405762,0
2005-05-31,4.40500020980835,4.40500020980835,4.336999893188477,4.3470001220703125,4.3470001220703125,0
2005-06-30,4.2779998779296875,4.2789998054504395,4.210999965667725,4.218999862670898,4.218999862670898,0
2005-07-31,4.4029998779296875,4.494999885559082,4.359000205993652,4.473999977111816,4.473999977111816,0
2005-08-31,4.314000129699707,4.314000129699707,4.254000186920166,4.261000156402588,4.261000156402588,0
2005-09-30,4.531000137329102,4.580999851226807,4.526000022888184,4.567999839782715,4.567999839782715,0
2005-10-31,4.781000137329102,4.791999816894531,4.729000091552734,4.755000114440918,4.755000114440918,0
2005-11-30,4.684999942779541,4.7220001220703125,4.664999961853027,4.703000068664551,4.703000068664551,0
2005-12-31,4.513000011444092,4.547999858856201,4.479000091552734,4.546999931335449,4.546999931335449,0
2006-01-31,4.710999965667725,4.7230000495910645,4.682000160217285,4.684999942779541,4.684999942779541,0
2006-02-28,4.539000034332275,4.546999931335449,4.498000144958496,4.502999782562256,4.502999782562256,0
2006-03-31,4.896999835968018,4.918000221252441,4.875999927520752,4.89300012588501,4.89300012588501,0
2006-04-30,5.201000213623047,5.2230000495910645,5.168000221252441,5.169000148773193,5.169000148773193,0
2006-05-31,5.181000232696533,5.236999988555908,5.159999847412109,5.206999778747559,5.206999778747559,0
2006-06-30,5.2779998779296875,5.284999847412109,5.184000015258789,5.185999870300293,5.185999870300293,0
2006-07-31,5.081999778747559,5.0929999351501465,5.068999767303467,5.070000171661377,5.070000171661377,0
2006-08-31,4.9019999504089355,4.916999816894531,4.875999927520752,4.877999782562256,4.877999782562256,0
2006-09-30,4.745999813079834,4.798999786376953,4.738999843597412,4.767000198364258,4.767000198364258,0
2006-10-31,4.769999980926514,4.783999919891357,4.718999862670898,4.718999862670898,4.718999862670898,0
2006-11-30,4.6020002365112305,4.609000205993652,4.560999870300293,4.560999870300293,4.560999870300293,0
2006-12-31,4.815999984741211,4.836999893188477,4.806000232696533,4.817999839782715,4.817999839782715,0
2007-01-31,4.9710001945495605,5.00600004196167,4.926000118255615,4.926000118255615,4.926000118255615,0
2007-02-28,4.664999961853027,4.697000026702881,4.640999794006348,4.669000148773193,4.669000148773193,0
2007-03-31,4.829999923706055,4.855000019073486,4.793000221252441,4.8480000495910645,4.8480000495910645,0
2007-04-30,4.86899995803833,4.86899995803833,4.816999912261963,4.816999912261963,4.816999912261963,0
2007-05-31,5.000999927520752,5.050000190734863,4.995999813079834,5.011000156402588,5.011000156402588,0
2007-06-30,5.178999900817871,5.195000171661377,5.124000072479248,5.125999927520752,5.125999927520752,0
2007-07-31,4.97599983215332,4.980000019073486,4.921000003814697,4.921999931335449,4.921999931335449,0
2007-08-31,4.8429999351501465,4.86299991607666,4.814000129699707,4.830999851226807,4.830999851226807,0
2007-09-30,4.806000232696533,4.875999927520752,4.783999919891357,4.833000183105469,4.833000183105469,0
2007-10-31,4.697999954223633,4.75600004196167,4.678999900817871,4.750999927520752,4.750999927520752,0
2007-11-30,4.369999885559082,4.436999797821045,4.354000091552734,4.4029998779296875,4.4029998779296875,0
2007-12-31,4.468999862670898,4.484000205993652,4.434999942779541,4.459000110626221,4.459000110626221,0
2008-01-31,4.35099983215332,4.379000186920166,4.313000202178955,4.354000091552734,4.354000091552734,0
2008-02-29,4.4629998207092285,4.492000102996826,4.408999919891357,4.421000003814697,4.421000003814697,0
2008-03-31,4.320000171661377,4.320000171661377,4.261000156402588,4.306000232696533,4.306000232696533,0
2008-04-30,4.539999961853027,4.585999965667725,4.497000217437744,4.497000217437744,4.497000217437744,0
2008-05-31,4.734000205993652,4.741000175476074,4.696000099182129,4.706999778747559,4.706999778747559,0
2008-06-30,4.531000137329102,4.539999961853027,4.493000030517578,4.531000137329102,4.531000137329102,0
2008-07-31,4.644999980926514,4.6539998054504395,4.568999767303467,4.603000164031982,4.603000164031982,0
2008-08-31,4.376999855041504,4.436999797821045,4.363999843597412,4.4120001792907715,4.4120001792907715,0
2008-09-30,4.138999938964844,4.308000087738037,4.135000228881836,4.304999828338623,4.304999828338623,0
2008-10-31,4.261000156402588,4.372000217437744,4.230000019073486,4.36899995803833,4.36899995803833,0
2008-11-30,3.5139999389648438,3.5350000858306885,3.4679999351501465,3.486999988555908,3.486999988555908,0
2008-12-31,2.562000036239624,2.749000072479248,2.558000087738037,2.690999984741211,2.690999984741211,0
2009-01-31,3.5829999446868896,3.6110000610351562,3.51200008392334,3.6029999256134033,3.6029999256134033,0
2009-02-28,3.622999906539917,3.747999906539917,3.6040000915527344,3.7219998836517334,3.7219998836517334,0
2009-03-31,3.61899995803833,3.621000051498413,3.5420000553131104,3.561000108718872,3.561000108718872,0
2009-04-30,4.060999870300293,4.0920000076293945,4.026000022888184,4.044000148773193,4.044000148773193,0
2009-05-31,4.513000011444092,4.517000198364258,4.336999893188477,4.3379998207092285,4.3379998207092285,0
2009-06-30,4.298999786376953,4.379000186920166,4.27400016784668,4.310999870300293,4.310999870300293,0
2009-07-31,4.433000087738037,4.4720001220703125,4.310999870300293,4.310999870300293,4.310999870300293,0
2009-08-31,4.197000026702881,4.25,4.176000118255615,4.181000232696533,4.181000232696533,0
2009-09-30,4.0269999504089355,4.066999912261963,4.019999980926514,4.047999858856201,4.047999858856201,0
2009-10-31,4.308000087738037,4.308000087738037,4.232999801635742,4.236000061035156,4.236000061035156,0
2009-11-30,4.2270002365112305,4.236000061035156,4.193999767303467,4.193999767303467,4.193999767303467,0
2009-12-31,4.613999843597412,4.714000225067139,4.613999843597412,4.640999794006348,4.640999794006348,0
2010-01-31,4.565999984741211,4.60099983215332,4.502999782562256,4.510000228881836,4.510000228881836,0
2010-02-28,4.566999912261963,4.572999954223633,4.521999835968018,4.5289998054504395,4.5289998054504395,0
2010-03-31,4.7129998207092285,4.752999782562256,4.7129998207092285,4.715000152587891,4.715000152587891,0
2010-04-30,4.604000091552734,4.61299991607666,4.5269999504089355,4.5269999504089355,4.5269999504089355,0
2010-05-31,4.238999843597412,4.251999855041504,4.211999893188477,4.214000225067139,4.214000225067139,0
2010-06-30,3.9260001182556152,3.953000068664551,3.9079999923706055,3.9089999198913574,3.9089999198913574,0
2010-07-31,4.053999900817871,4.054999828338623,3.9769999980926514,3.9769999980926514,3.9769999980926514,0
2010-08-31,3.553999900817871,3.572000026702881,3.5179998874664307,3.5329999923706055,3.5329999923706055,0
2010-09-30,3.6640000343322754,3.7720000743865967,3.6540000438690186,3.687000036239624,3.687000036239624,0
2010-10-31,4.026000022888184,4.039999961853027,3.989000082015991,4.0,4.0,0
2010-11-30,4.085000038146973,4.119999885559082,4.051000118255615,4.1020002365112305,4.1020002365112305,0
2010-12-31,4.388999938964844,4.408999919891357,4.330999851226807,4.361999988555908,4.361999988555908,0
2011-01-31,4.567999839782715,4.598999977111816,4.538000106811523,4.571000099182129,4.571000099182129,0
2011-02-28,4.513999938964844,4.514999866485596,4.484000205993652,4.489999771118164,4.489999771118164,0
2011-03-31,4.492000102996826,4.551000118255615,4.4670000076293945,4.507999897003174,4.507999897003174,0
2011-04-30,4.3979997634887695,4.428999900817871,4.388999938964844,4.406000137329102,4.406000137329102,0
2011-05-31,4.249000072479248,4.255000114440918,4.214000225067139,4.216000080108643,4.216000080108643,0
2011-06-30,4.375,4.448999881744385,4.364999771118164,4.381999969482422,4.381999969482422,0
2011-07-31,4.23799991607666,4.238999843597412,4.131999969482422,4.131999969482422,4.131999969482422,0
2011-08-31,3.5269999504089355,3.5940001010894775,3.490000009536743,3.5920000076293945,3.5920000076293945,0
2011-09-30,2.992000102996826,3.003000020980835,2.8959999084472656,2.9210000038146973,2.9210000038146973,0
2011-10-31,3.2809998989105225,3.2839999198913574,3.197999954223633,3.1989998817443848,3.1989998817443848,0
2011-11-30,3.0329999923706055,3.0969998836517334,3.0290000438690186,3.062000036239624,3.062000036239624,0
2011-12-31,2.9189999103546143,2.9189999103546143,2.864000082015991,2.8889999389648438,2.8889999389648438,0
2012-01-31,3.000999927520752,3.015000104904175,2.933000087738037,2.934000015258789,2.934000015258789,0
2012-02-29,3.0399999618530273,3.125,3.0369999408721924,3.0859999656677246,3.0859999656677246,0
2012-03-31,3.2639999389648438,3.367000102996826,3.252000093460083,3.3450000286102295,3.3450000286102295,0
2012-04-30,3.1010000705718994,3.114000082015991,3.0940001010894775,3.1089999675750732,3.1089999675750732,0
2012-05-31,2.6989998817443848,2.700000047683716,2.5850000381469727,2.671999931335449,2.671999931335449,0
2012-06-30,2.74399995803833,2.7790000438690186,2.734999895095825,2.763000011444092,2.763000011444092,0
2012-07-31,2.555999994277954,2.609999895095825,2.5460000038146973,2.5769999027252197,2.5769999027252197,0
2012-08-31,2.7709999084472656,2.7750000953674316,2.684000015258789,2.684000015258789,2.684000015258789,0
2012-09-30,2.799999952316284,2.8450000286102295,2.7809998989105225,2.8340001106262207,2.8340001106262207,0
2012-10-31,2.9010000228881836,2.9059998989105225,2.8510000705718994,2.8510000705718994,2.8510000705718994,0
2012-11-30,2.7769999504089355,2.812999963760376,2.7690000534057617,2.7939999103546143,2.7939999103546143,0
2012-12-31,2.865999937057495,2.9560000896453857,2.865000009536743,2.9519999027252197,2.9519999027252197,0
2013-01-31,3.1659998893737793,3.200000047683716,3.1610000133514404,3.1700000762939453,3.1700000762939453,0
2013-02-28,3.078000068664551,3.115000009536743,3.0739998817443848,3.0940001010894775,3.0940001010894775,0
2013-03-31,3.109999895095825,3.117000102996826,3.0880000591278076,3.1040000915527344,3.1040000915527344,0
2013-04-30,2.861999988555908,2.8929998874664307,2.8469998836517334,2.884000062942505,2.884000062942505,0
2013-05-31,3.26200008392334,3.3559999465942383,3.253999948501587,3.308000087738037,3.308000087738037,0
2013-06-30,3.5450000762939453,3.5799999237060547,3.497999906539917,3.497999906539917,3.497999906539917,0
2013-07-31,3.7109999656677246,3.742000102996826,3.6449999809265137,3.6459999084472656,3.6459999084472656,0
2013-08-31,3.7260000705718994,3.7279999256134033,3.6730000972747803,3.6760001182556152,3.6760001182556152,0
2013-09-30,3.6670000553131104,3.7039999961853027,3.6619999408721924,3.686000108718872,3.686000108718872,0
2013-10-31,3.630000114440918,3.6589999198913574,3.609999895095825,3.63100004196167,3.63100004196167,0
2013-11-30,3.819999933242798,3.8420000076293945,3.803999900817871,3.808000087738037,3.808000087738037,0
2013-12-31,3.9089999198913574,3.9739999771118164,3.8980000019073486,3.9639999866485596,3.9639999866485596,0
2014-01-31,3.5980000495910645,3.624000072479248,3.5940001010894775,3.621999979019165,3.621999979019165,0
2014-02-28,3.5920000076293945,3.635999917984009,3.5920000076293945,3.5920000076293945,3.5920000076293945,0
2014-03-31,3.569999933242798,3.6050000190734863,3.556999921798706,3.561000108718872,3.561000108718872,0
2014-04-30,3.510999917984009,3.513000011444092,3.4560000896453857,3.4579999446868896,3.4579999446868896,0
2014-05-31,3.319999933242798,3.3399999141693115,3.305000066757202,3.313999891281128,3.313999891281128,0
2014-06-30,3.3499999046325684,3.371999979019165,3.3380000591278076,3.3380000591278076,3.3380000591278076,0
2014-07-31,3.3289999961853027,3.372999906539917,3.2950000762939453,3.311000108718872,3.311000108718872,0
2014-08-31,3.0840001106262207,3.0899999141693115,3.059000015258789,3.0799999237060547,3.0799999237060547,0
2014-09-30,3.193000078201294,3.2119998931884766,3.171999931335449,3.2119998931884766,3.2119998931884766,0
2014-10-31,3.069999933242798,3.0850000381469727,3.0439999103546143,3.059999942779541,3.059999942779541,0
2014-11-30,2.9170000553131104,2.927999973297119,2.9049999713897705,2.9100000858306885,2.9100000858306885,0
2014-12-31,2.749000072479248,2.760999917984009,2.739000082015991,2.749000072479248,2.749000072479248,0
2015-01-31,2.2790000438690186,2.2820000648498535,2.2260000705718994,2.250999927520752,2.250999927520752,0
2015-02-28,2.621000051498413,2.6480000019073486,2.5980000495910645,2.5999999046325684,2.5999999046325684,0
2015-03-31,2.5390000343322754,2.5739998817443848,2.5290000438690186,2.5439999103546143,2.5439999103546143,0
2015-04-30,2.747999906539917,2.812999963760376,2.740999937057495,2.753000020980835,2.753000020980835,0
2015-05-31,2.875,2.881999969482422,2.8420000076293945,2.8469998836517334,2.8469998836517334,0
2015-06-30,3.124000072479248,3.138000011444092,3.072000026702881,3.1040000915527344,3.1040000915527344,0
2015-07-31,2.937000036239624,2.940999984741211,2.8949999809265137,2.927000045776367,2.927000045776367,0
2015-08-31,2.877000093460083,2.947999954223633,2.8610000610351562,2.930999994277954,2.930999994277954,0
2015-09-30,2.8940000534057617,2.8949999809265137,2.861999988555908,2.880000114440918,2.880000114440918,0
2015-10-31,2.9570000171661377,2.9639999866485596,2.9260001182556152,2.933000087738037,2.933000087738037,0
2015-11-30,3.003000020980835,3.003999948501587,2.9830000400543213,2.990000009536743,2.990000009536743,0
2015-12-31,3.0269999504089355,3.0380001068115234,3.009000062942505,3.015000104904175,3.015000104904175,0
2016-01-31,2.7320001125335693,2.760999917984009,2.7219998836517334,2.757999897003174,2.757999897003174,0
2016-02-29,2.61899995803833,2.634000062942505,2.6029999256134033,2.615000009536743,2.615000009536743,0
2016-03-31,2.6429998874664307,2.6600000858306885,2.615999937057495,2.619999885559082,2.619999885559082,0
2016-04-30,2.7239999771118164,2.7320001125335693,2.6659998893737793,2.6659998893737793,2.6659998893737793,0
2016-05-31,2.6640000343322754,2.687999963760376,2.627000093460083,2.628999948501587,2.628999948501587,0
2016-06-30,2.306999921798706,2.3239998817443848,2.253999948501587,2.306999921798706,2.306999921798706,0
2016-07-31,2.252000093460083,2.256999969482422,2.181999921798706,2.181999921798706,2.181999921798706,0
2016-08-31,2.239000082015991,2.253999948501587,2.2209999561309814,2.2309999465942383,2.2309999465942383,0
2016-09-30,2.2699999809265137,2.3489999771118164,2.265000104904175,2.3359999656677246,2.3359999656677246,0
2016-10-31,2.6040000915527344,2.6070001125335693,2.5880000591278076,2.5889999866485596,2.5889999866485596,0
2016-11-30,3.005000114440918,3.0869998931884766,3.003000020980835,3.0169999599456787,3.0169999599456787,0
2016-12-31,3.0829999446868896,3.0940001010894775,3.049999952316284,3.062999963760376,3.062999963760376,0
2017-01-31,3.0840001106262207,3.0910000801086426,3.0339999198913574,3.0510001182556152,3.0510001182556152,0
2017-02-28,2.9709999561309814,2.9860000610351562,2.9489998817443848,2.9679999351501465,2.9679999351501465,0
2017-03-31,3.0329999923706055,3.0480000972747803,3.015000104904175,3.0179998874664307,3.0179998874664307,0
2017-04-30,2.9809999465942383,2.999000072479248,2.9519999027252197,2.9519999027252197,2.9519999027252197,0
2017-05-31,2.890000104904175,2.890000104904175,2.8570001125335693,2.8570001125335693,2.8570001125335693,0
2017-06-30,2.816999912261963,2.8450000286102295,2.816999912261963,2.8399999141693115,2.8399999141693115,0
2017-07-31,2.9019999504089355,2.9170000553131104,2.8949999809265137,2.8980000019073486,2.8980000019073486,0
2017-08-31,2.746999979019165,2.752000093460083,2.7239999771118164,2.7249999046325684,2.7249999046325684,0
2017-09-30,2.871999979019165,2.884000062942505,2.8510000705718994,2.8570001125335693,2.8570001125335693,0
2017-10-31,2.878000020980835,2.885999917984009,2.869999885559082,2.875,2.875,0
2017-11-30,2.828000068664551,2.86899995803833,2.819999933242798,2.8320000171661377,2.8320000171661377,0
2017-12-31,2.7679998874664307,2.7780001163482666,2.73799991607666,2.739000082015991,2.739000082015991,0
2018-01-31,2.9549999237060547,2.9830000400543213,2.937000036239624,2.941999912261963,2.941999912261963,0
2018-02-28,3.140000104904175,3.1540000438690186,3.127000093460083,3.127000093460083,3.127000093460083,0
2018-03-31,3.002000093460083,3.003999948501587,2.9679999351501465,2.9719998836517334,2.9719998836517334,0
2018-04-30,3.118000030517578,3.119999885559082,3.0959999561309814,3.0969998836517334,3.0969998836517334,0
2018-05-31,3.0320000648498535,3.0329999923706055,2.9839999675750732,2.9860000610351562,2.9860000610351562,0
2018-06-30,2.9749999046325684,2.9830000400543213,2.9539999961853027,2.9830000400543213,2.9830000400543213,0
2018-07-31,3.078000068664551,3.0869998931884766,3.062000036239624,3.0829999446868896,3.0829999446868896,0
2018-08-31,2.986999988555908,3.01200008392334,2.9779999256134033,3.009999990463257,3.009999990463257,0
2018-09-30,3.1640000343322754,3.200000047683716,3.1619999408721924,3.197000026702881,3.197000026702881,0
2018-10-31,3.3919999599456787,3.4019999504089355,3.36899995803833,3.4019999504089355,3.4019999504089355,0
2018-11-30,3.308000087738037,3.321000099182129,3.302999973297119,3.311000108718872,3.311000108718872,0
2018-12-31,3.0360000133514404,3.052000045776367,3.005000114440918,3.0199999809265137,3.0199999809265137,0
2019-01-31,3.0250000953674316,3.0280001163482666,2.989000082015991,3.005000114440918,3.005000114440918,0
2019-02-28,3.055999994277954,3.0980000495910645,3.053999900817871,3.0829999446868896,3.0829999446868896,0
2019-03-31,2.8350000381469727,2.8459999561309814,2.813999891281128,2.822000026702881,2.822000026702881,0
2019-04-30,2.9619998931884766,2.9739999771118164,2.934000015258789,2.940000057220459,2.940000057220459,0
2019-05-31,2.5980000495910645,2.617000102996826,2.5739998817443848,2.5829999446868896,2.5829999446868896,0
2019-06-30,2.5329999923706055,2.5490000247955322,2.5209999084472656,2.5280001163482666,2.5280001163482666,0
2019-07-31,2.5739998817443848,2.5859999656677246,2.5260000228881836,2.5269999504089355,2.5269999504089355,0
2019-08-31,1.9889999628067017,1.9989999532699585,1.9609999656677246,1.9700000286102295,1.9700000286102295,0
2019-09-30,2.1500000953674316,2.1619999408721924,2.118000030517578,2.121000051498413,2.121000051498413,0
2019-10-31,2.191999912261963,2.197000026702881,2.1649999618530273,2.1760001182556152,2.1760001182556152,0
2019-11-30,2.194000005722046,2.2290000915527344,2.184999942779541,2.2019999027252197,2.2019999027252197,0
2019-12-31,2.3519999980926514,2.3929998874664307,2.3480000495910645,2.3889999389648438,2.3889999389648438,0
2020-01-31,2.0179998874664307,2.0299999713897705,1.9919999837875366,2.015000104904175,2.015000104904175,0
2020-02-29,1.7139999866485596,1.7269999980926514,1.6460000276565552,1.6710000038146973,1.6710000038146973,0
2020-03-31,1.3420000076293945,1.3630000352859497,1.2960000038146973,1.3509999513626099,1.3509999513626099,0
2020-04-30,1.2430000305175781,1.281999945640564,1.218999981880188,1.2660000324249268,1.2660000324249268,0
2020-05-31,1.430999994277954,1.4609999656677246,1.406000018119812,1.406999945640564,1.406999945640564,0
2020-06-30,1.371999979019165,1.4279999732971191,1.3650000095367432,1.409000039100647,1.409000039100647,0
2020-07-31,1.1920000314712524,1.2319999933242798,1.1859999895095825,1.1979999542236328,1.1979999542236328,0
2020-08-31,1.5160000324249268,1.5240000486373901,1.4520000219345093,1.4520000219345093,1.4520000219345093,0
2020-09-30,1.4170000553131104,1.4869999885559082,1.4160000085830688,1.4509999752044678,1.4509999752044678,0
2020-10-31,1.597000002861023,1.6480000019073486,1.5920000076293945,1.6399999856948853,1.6399999856948853,0
2020-11-30,1.5800000429153442,1.590999960899353,1.5640000104904175,1.5729999542236328,1.5729999542236328,0
2020-12-31,1.6619999408721924,1.6749999523162842,1.6399999856948853,1.6460000276565552,1.6460000276565552,0
2021-01-31,1.850000023841858,1.86899995803833,1.8259999752044678,1.8580000400543213,1.8580000400543213,0
2021-02-28,2.2219998836517334,2.250999927520752,2.177000045776367,2.181999921798706,2.181999921798706,0
2021-03-31,2.380000114440918,2.428999900817871,2.367000102996826,2.424999952316284,2.424999952316284,0
2021-04-30,2.303999900817871,2.321000099182129,2.2929999828338623,2.3010001182556152,2.3010001182556152,0
2021-05-31,2.2850000858306885,2.2939999103546143,2.259999990463257,2.263000011444092,2.263000011444092,0
2021-06-30,2.065000057220459,2.0799999237060547,2.0480000972747803,2.065000057220459,2.065000057220459,0
2021-07-31,1.8880000114440918,1.906999945640564,1.8860000371932983,1.8969999551773071,1.8969999551773071,0
2021-08-31,1.9040000438690186,1.9390000104904175,1.8839999437332153,1.9270000457763672,1.9270000457763672,0
2021-09-30,2.0820000171661377,2.1029999256134033,2.072999954223633,2.0920000076293945,2.0920000076293945,0
2021-10-31,2.003999948501587,2.00600004196167,1.9329999685287476,1.9420000314712524,1.9420000314712524,0
2021-11-30,1.8229999542236328,1.840000033378601,1.7760000228881836,1.7869999408721924,1.7869999408721924,0
2021-12-31,1.9149999618530273,1.934000015258789,1.8830000162124634,1.9049999713897705,1.9049999713897705,0
2022-01-31,2.1080000400543213,2.125999927520752,2.0920000076293945,2.0980000495910645,2.0980000495910645,0
2022-02-28,2.24399995803833,2.246000051498413,2.171999931335449,2.181999921798706,2.181999921798706,0
2022-03-31,2.4579999446868896,2.4709999561309814,2.437000036239624,2.447999954223633,2.447999954223633,0
2022-04-30,2.9170000553131104,2.990000009536743,2.9089999198913574,2.947000026702881,2.947000026702881,0
2022-05-31,3.0260000228881836,3.0850000381469727,3.0260000228881836,3.056999921798706,3.056999921798706,0
2022-06-30,3.1649999618530273,3.178999900817871,3.11899995803833,3.11899995803833,3.11899995803833,0
2022-07-31,3.0510001182556152,3.063999891281128,2.9560000896453857,2.9739999771118164,2.9739999771118164,0
2022-08-31,3.246000051498413,3.25600004196167,3.2090001106262207,3.255000114440918,3.255000114440918,0
2022-09-30,3.6659998893737793,3.765000104904175,3.6440000534057617,3.765000104904175,3.765000104904175,0
2022-10-31,4.130000114440918,4.210000038146973,4.130000114440918,4.203999996185303,4.203999996185303,0
2022-11-30,3.7860000133514404,3.8469998836517334,3.7799999713897705,3.822000026702881,3.822000026702881,0
2022-12-31,3.947999954223633,3.990000009536743,3.930000066757202,3.9749999046325684,3.9749999046325684,0
2023-01-31,3.6500000953674316,3.684000015258789,3.621000051498413,3.6610000133514404,3.6610000133514404,0
2023-02-28,3.9560000896453857,3.9779999256134033,3.9210000038146973,3.930999994277954,3.930999994277954,0
2023-03-31,3.73799991607666,3.744999885559082,3.687999963760376,3.688999891281128,3.688999891281128,0
2023-04-30,3.7049999237060547,3.7170000076293945,3.6649999618530273,3.677999973297119,3.677999973297119,0
2023-05-31,3.865000009536743,3.9030001163482666,3.8519999980926514,3.8559999465942383,3.8559999465942383,0
2023-06-30,3.9059998989105225,3.9170000553131104,3.8489999771118164,3.8550000190734863,3.8550000190734863,0
2023-07-31,4.026000022888184,4.057000160217285,4.011000156402588,4.03000020980835,4.03000020980835,0
