Date,Open,High,Low,Close,Adj Close,Volume
2000-01-31,16.375,16.5625,16.25,16.375,11.76632308959961,917700
2000-02-29,16.625,16.875,16.3125,16.3125,11.721409797668457,1586400
2000-03-31,15.875,16.1875,15.625,15.6875,11.27231502532959,1533600
2000-04-30,16.625,16.9375,16.5625,16.8125,12.08069133758545,890200
2000-05-31,18.5,18.625,18.0,18.125,13.10304069519043,1238600
2000-06-30,17.875,18.25,17.625,18.171875,13.136926651000977,791100
2000-07-31,16.0625,16.0625,15.8125,15.9375,11.52164077758789,1236800
2000-08-31,16.1875,16.5,15.9375,15.953125,11.532933235168457,3242600
2000-09-30,14.875,15.375,14.8125,15.25,11.024622917175293,936600
2000-10-31,13.75,13.8125,13.25,13.375,9.669142723083496,3521400
2000-11-30,14.875,15.125,14.625,15.0,10.924339294433594,1836200
2000-12-31,16.399999618530273,16.479999542236328,16.1299991607666,16.3799991607666,11.9293794631958,1005500
2001-01-31,15.1899995803833,15.600000381469727,15.029999732971191,15.470000267028809,11.266639709472656,1765000
2001-02-28,16.100000381469727,16.200000762939453,15.779999732971191,16.200000762939453,11.798290252685547,1302900
2001-03-31,14.020000457763672,14.350000381469727,13.6899995803833,14.289999961853027,10.407258033752441,1301600
2001-04-30,16.600000381469727,16.690000534057617,16.309999465942383,16.440000534057617,11.973076820373535,1465300
2001-05-31,16.799999237060547,16.969999313354492,16.329999923706055,16.5,12.09248161315918,2305200
2001-06-30,15.029999732971191,15.34000015258789,15.0,15.149999618530273,11.10309886932373,2017000
2001-07-31,14.970000267028809,15.289999961853027,14.819999694824219,14.890000343322754,10.912550926208496,926700
2001-08-31,16.100000381469727,16.1200008392334,15.880000114440918,16.020000457763672,11.740701675415039,998200
2001-09-30,17.6200008392334,17.790000915527344,17.31999969482422,17.350000381469727,12.715434074401855,2574300
2001-10-31,15.800000190734863,15.800000190734863,15.3100004196167,15.59000015258789,11.425568580627441,3323900
2001-11-30,15.0600004196167,15.25,14.899999618530273,15.130000114440918,11.172035217285156,1737100
2001-12-31,15.75,16.329999923706055,15.720000267028809,15.949999809265137,11.777528762817383,2129300
2002-01-31,16.979999542236328,17.190000534057617,16.700000762939453,17.100000381469727,12.626699447631836,2342200
2002-02-28,18.170000076293945,18.25,17.899999618530273,18.049999237060547,13.328174591064453,2011000
2002-03-31,18.8700008392334,18.920000076293945,18.5,18.559999465942383,13.7047700881958,2713900
2002-04-30,20.200000762939453,20.200000762939453,19.43000030517578,20.06999969482422,14.819748878479004,4077000
2002-05-31,22.100000381469727,22.3799991607666,21.40999984741211,21.799999237060547,16.17351531982422,3805000
2002-06-30,19.719999313354492,19.8700008392334,18.950000762939453,18.989999771118164,14.088765144348145,4588300
2002-07-31,15.600000381469727,15.600000381469727,15.289999961853027,15.319999694824219,11.365970611572266,4971400
2002-08-31,16.18000030517578,16.190000534057617,15.899999618530273,16.06999969482422,11.922405242919922,2833400
2002-09-30,15.300000190734863,15.989999771118164,15.170000076293945,15.550000190734863,11.536615371704102,4764800
2002-10-31,15.59000015258789,15.600000381469727,15.010000228881836,15.069999694824219,11.180497169494629,2306300
2002-11-30,14.4399995803833,14.729999542236328,14.279999732971191,14.670000076293945,10.883737564086914,1128900
2002-12-31,15.300000190734863,15.65999984741211,15.279999732971191,15.40999984741211,11.515756607055664,1706400
2003-01-31,16.549999237060547,16.6299991607666,16.239999771118164,16.450000762939453,12.292940139770508,1746600
2003-02-28,15.899999618530273,16.219999313354492,15.8100004196167,16.1200008392334,12.046333312988281,1922200
2003-03-31,15.680000305175781,15.899999618530273,15.420000076293945,15.5600004196167,11.627852439880371,2480400
2003-04-30,15.039999961853027,15.229999542236328,14.949999809265137,14.949999809265137,11.172003746032715,2785200
2003-05-31,16.6200008392334,17.600000381469727,16.6200008392334,17.479999542236328,13.14337158203125,1647800
2003-06-30,17.549999237060547,18.030000686645508,17.520000457763672,17.899999618530273,13.459175109863281,1465100
2003-07-31,17.06999969482422,17.290000915527344,16.8799991607666,17.1200008392334,12.872685432434082,3227100
2003-08-31,20.5,20.799999237060547,20.209999084472656,20.209999084472656,15.196083068847656,2884100
2003-09-30,19.010000228881836,19.170000076293945,18.780000686645508,18.829999923706055,14.158452987670898,2573500
2003-10-31,19.309999465942383,19.540000915527344,19.239999771118164,19.469999313354492,14.639674186706543,1905900
2003-11-30,22.489999771118164,22.639999389648438,22.219999313354492,22.34000015258789,16.88099479675293,1537400
2003-12-31,23.0,23.100000381469727,22.43000030517578,22.709999084472656,17.16057777404785,1559400
2004-01-31,19.450000762939453,19.75,19.229999542236328,19.700000762939453,14.886103630065918,2812600
2004-02-29,20.299999237060547,20.56999969482422,20.1200008392334,20.450000762939453,15.452841758728027,2163300
2004-03-31,23.649999618530273,23.889999389648438,23.549999237060547,23.780000686645508,17.969118118286133,2558300
2004-04-30,19.459999084472656,19.520000457763672,19.110000610351562,19.229999542236328,14.530948638916016,3549500
2004-05-31,20.860000610351562,20.93000030517578,20.670000076293945,20.670000076293945,15.702838897705078,1521900
2004-06-30,19.59000015258789,19.899999618530273,19.540000915527344,19.75,15.00393295288086,1842700
2004-07-31,19.049999237060547,19.170000076293945,19.0,19.1200008392334,14.525321006774902,1144600
2004-08-31,19.479999542236328,20.040000915527344,19.459999084472656,20.0,15.193853378295898,1320500
2004-09-30,20.75,21.149999618530273,20.739999771118164,21.040000915527344,15.983926773071289,3999400
2004-10-31,22.1200008392334,22.6200008392334,21.920000076293945,22.510000228881836,17.100675582885742,1501000
2004-11-30,25.100000381469727,25.1200008392334,24.309999465942383,24.59000015258789,18.76468276977539,4210600
2004-12-31,24.059999465942383,24.440000534057617,24.059999465942383,24.219999313354492,18.482337951660156,890700
2005-01-31,21.969999313354492,22.059999465942383,21.75,21.860000610351562,16.681406021118164,1339200
2005-02-28,25.030000686645508,25.299999237060547,24.850000381469727,24.899999618530273,19.001239776611328,1691000
2005-03-31,23.959999084472656,24.15999984741211,23.889999389648438,23.959999084472656,18.283926010131836,1557700
2005-04-30,22.049999237060547,22.520000457763672,21.920000076293945,22.31999969482422,17.03243637084961,1777000
2005-05-31,22.600000381469727,23.110000610351562,22.469999313354492,22.989999771118164,17.631315231323242,2384400
2005-06-30,25.81999969482422,25.899999618530273,24.889999389648438,25.030000686645508,19.195817947387695,2379700
2005-07-31,24.690000534057617,24.809999465942383,24.489999771118164,24.5,18.789358139038086,1391900
2005-08-31,25.739999771118164,26.25,25.559999465942383,26.219999313354492,20.108434677124023,1852200
2005-09-30,29.299999237060547,29.469999313354492,28.920000076293945,29.049999237060547,22.27880859375,1738500
2005-10-31,26.290000915527344,26.299999237060547,24.68000030517578,25.25,19.364538192749023,11948000
2005-11-30,26.700000762939453,26.979999542236328,26.459999084472656,26.610000610351562,20.489715576171875,3043200
2005-12-31,28.25,28.25,27.790000915527344,27.8700008392334,21.459909439086914,1851700
2006-01-31,30.450000762939453,32.13999938964844,30.420000076293945,31.459999084472656,24.22420883178711,9473500
2006-02-28,27.520000457763672,27.65999984741211,27.09000015258789,27.3700008392334,21.074905395507812,4045200
2006-03-31,27.40999984741211,27.81999969482422,27.040000915527344,27.239999771118164,20.974807739257812,3808500
2006-04-30,30.059999465942383,30.719999313354492,29.889999389648438,30.479999542236328,23.469608306884766,4431500
2006-05-31,30.860000610351562,31.110000610351562,30.209999084472656,30.610000610351562,23.653995513916016,4354900
2006-06-30,29.700000762939453,30.049999237060547,29.440000534057617,29.600000381469727,22.87351417541504,4284400
2006-07-31,30.43000030517578,30.850000381469727,30.149999618530273,30.799999237060547,23.800819396972656,3567600
2006-08-31,33.130001068115234,33.7400016784668,33.130001068115234,33.47999954223633,25.871801376342773,3909800
2006-09-30,30.649999618530273,31.309999465942383,30.290000915527344,30.719999313354492,23.738994598388672,3307100
2006-10-31,30.030000686645508,31.0,30.0,31.0,23.955366134643555,3601300
2006-11-30,30.6200008392334,31.520000457763672,30.600000381469727,31.440000534057617,24.38555145263672,6269400
2006-12-31,30.8700008392334,30.8700008392334,30.420000076293945,30.700000762939453,23.81158447265625,1974300
2007-01-31,29.260000228881836,29.93000030517578,29.260000228881836,29.6200008392334,22.97391128540039,3984300
2007-02-28,30.139999389648438,30.200000762939453,29.559999465942383,29.8700008392334,23.167816162109375,8127900
2007-03-31,28.950000762939453,29.030000686645508,28.530000686645508,28.549999237060547,22.14400291442871,3621200
2007-04-30,28.700000762939453,28.700000762939453,28.059999465942383,28.110000610351562,21.8027286529541,3948100
2007-05-31,29.06999969482422,29.299999237060547,28.940000534057617,29.1299991607666,22.711740493774414,9907600
2007-06-30,29.0,29.1299991607666,28.649999618530273,29.06999969482422,22.664966583251953,4841700
2007-07-31,33.5,33.83000183105469,32.77000045776367,32.900001525878906,25.651094436645508,5984700
2007-08-31,32.099998474121094,32.63999938964844,32.099998474121094,32.52000045776367,25.354812622070312,4762800
2007-09-30,40.0,41.130001068115234,39.79999923706055,40.279998779296875,31.40505027770996,10754800
2007-10-31,42.95000076293945,44.75,42.61000061035156,44.130001068115234,34.406776428222656,10460900
2007-11-30,40.849998474121094,41.439998626708984,39.9900016784668,40.5099983215332,31.699724197387695,7608900
2007-12-31,42.790000915527344,43.40999984741211,41.86000061035156,42.04999923706055,32.90480422973633,5571500
2008-01-31,52.47999954223633,52.47999954223633,50.790000915527344,51.439998626708984,40.25261688232422,14976800
2008-02-29,53.2400016784668,53.2400016784668,51.470001220703125,51.95000076293945,40.651710510253906,8991100
2008-03-31,45.11000061035156,45.310001373291016,42.38999938964844,43.45000076293945,34.000328063964844,7452900
2008-04-30,37.83000183105469,38.9900016784668,37.75,38.619998931884766,30.220766067504883,15124900
2008-05-31,39.619998931884766,40.43000030517578,39.5099983215332,40.290000915527344,31.68291664123535,5459900
2008-06-30,45.34000015258789,45.97999954223633,44.099998474121094,45.5,35.779911041259766,10743400
2008-07-31,43.150001525878906,43.97999954223633,42.040000915527344,42.349998474121094,33.302833557128906,8823700
2008-08-31,35.54999923706055,35.54999923706055,34.529998779296875,34.72999954223633,27.310693740844727,4665000
2008-09-30,38.189998626708984,38.189998626708984,36.279998779296875,36.7400016784668,28.89129638671875,17375600
2008-10-31,23.81999969482422,24.450000762939453,22.610000610351562,22.739999771118164,17.88209342956543,10830500
2008-11-30,29.3799991607666,29.649999618530273,28.280000686645508,29.459999084472656,23.334747314453125,3635300
2008-12-31,35.720001220703125,37.08000183105469,35.33000183105469,36.77000045776367,29.124874114990234,12770500
2009-01-31,39.4900016784668,39.5,37.18000030517578,37.4900016784668,29.695175170898438,16756400
2009-02-28,32.33000183105469,32.36000061035156,29.3799991607666,30.200000762939453,23.9208927154541,22821900
2009-03-31,32.849998474121094,33.310001373291016,31.93000030517578,32.41999816894531,25.679311752319336,9723200
2009-04-30,29.360000610351562,29.899999618530273,29.100000381469727,29.100000381469727,23.049592971801758,8817500
2009-05-31,38.560001373291016,38.959999084472656,37.779998779296875,38.08000183105469,30.32642936706543,10584900
2009-06-30,34.70000076293945,35.0099983215332,33.369998931884766,33.54999923706055,26.71878433227539,7512200
2009-07-31,33.77000045776367,35.20000076293945,33.61000061035156,34.900001525878906,27.793914794921875,10356700
2009-08-31,34.56999969482422,34.959999084472656,34.369998931884766,34.70000076293945,27.6346435546875,4773700
2009-09-30,38.06999969482422,38.33000183105469,37.06999969482422,37.900001525878906,30.183073043823242,13766100
2009-10-31,36.560001373291016,36.75,34.79999923706055,35.93000030517578,28.61419105529785,16998500
2009-11-30,42.459999084472656,43.310001373291016,42.310001373291016,42.689998626708984,34.15304946899414,9469100
2009-12-31,39.95000076293945,40.209999084472656,39.380001068115234,39.380001068115234,31.504981994628906,5929300
2010-01-31,35.79999923706055,36.380001068115234,34.630001068115234,34.81999969482422,27.856857299804688,14432300
2010-02-28,37.84000015258789,37.959999084472656,37.220001220703125,37.65999984741211,30.128925323486328,10350900
2010-03-31,38.38999938964844,38.709999084472656,38.04999923706055,38.34000015258789,30.672943115234375,10159700
2010-04-30,43.400001525878906,44.369998931884766,43.27000045776367,43.54999923706055,34.841064453125,14732000
2010-05-31,42.52000045776367,42.65999984741211,41.7599983215332,42.08000183105469,33.826839447021484,7276200
2010-06-30,44.959999084472656,46.0,44.84000015258789,45.40999984741211,36.50373458862305,9236100
2010-07-31,40.5099983215332,41.349998474121094,40.41999816894531,41.099998474121094,33.0390510559082,6736700
2010-08-31,46.63999938964844,47.5,46.599998474121094,46.7599983215332,37.68699645996094,8829200
2010-09-30,47.22999954223633,47.290000915527344,45.52000045776367,46.290000915527344,37.30818176269531,11947800
2010-10-31,47.54999923706055,48.310001373291016,47.470001220703125,48.09000015258789,38.75893020629883,8252400
2010-11-30,50.65999984741211,52.13999938964844,50.5,51.650001525878906,41.726383209228516,11043100
2010-12-31,52.86000061035156,53.459999084472656,52.599998474121094,53.18000030517578,42.96242141723633,3579200
2011-01-31,47.130001068115234,47.59000015258789,46.70000076293945,47.5099983215332,38.381805419921875,10441100
2011-02-28,52.189998626708984,52.88999938964844,51.90999984741211,52.81999969482422,42.7692985534668,6283000
2011-03-31,52.0,52.369998931884766,51.81999969482422,51.90999984741211,42.03245162963867,4899000
2011-04-30,51.31999969482422,51.33000183105469,50.22999954223633,51.0099983215332,41.30369567871094,10885800
2011-05-31,48.099998474121094,48.11000061035156,47.11000061035156,47.7599983215332,38.77075958251953,7266300
2011-06-30,45.31999969482422,45.400001525878906,44.65999984741211,45.290000915527344,36.76565933227539,6254600
2011-07-31,48.279998779296875,48.279998779296875,47.279998779296875,47.56999969482422,38.61651611328125,6135400
2011-08-31,50.83000183105469,51.38999938964844,50.02000045776367,50.75,41.29509353637695,9719500
2011-09-30,45.900001525878906,47.599998474121094,45.61000061035156,46.650001525878906,37.95893859863281,7154600
2011-10-31,50.08000183105469,50.25,49.45000076293945,49.5,40.2779655456543,6421600
2011-11-30,51.849998474121094,52.900001525878906,51.540000915527344,52.880001068115234,43.164306640625,8190300
2011-12-31,45.599998474121094,45.959999084472656,45.13999938964844,45.25,36.93617630004883,4394400
2012-01-31,49.95000076293945,50.22999954223633,48.7599983215332,49.2599983215332,40.20941925048828,6715300
2012-02-29,49.529998779296875,49.900001525878906,47.47999954223633,47.72999954223633,39.08051300048828,13748200
2012-03-31,43.720001220703125,43.7400016784668,42.95000076293945,43.47999954223633,35.600677490234375,6550600
2012-04-30,40.38999938964844,40.59000015258789,39.75,40.43000030517578,33.1033935546875,6105700
2012-05-31,39.0,39.619998931884766,38.540000915527344,39.060001373291016,32.142356872558594,9465000
2012-06-30,37.65999984741211,37.77000045776367,36.869998931884766,37.56999969482422,30.916244506835938,9027300
2012-07-31,33.209999084472656,33.5,32.72999954223633,32.880001068115234,27.056869506835938,7348400
2012-08-31,37.41999816894531,38.68000030517578,37.150001525878906,38.52000045776367,31.866933822631836,10514100
2012-09-30,41.619998931884766,41.90999984741211,41.22999954223633,41.7599983215332,34.54731369018555,8178000
2012-10-31,40.29999923706055,40.79999923706055,39.95000076293945,40.5,33.50493621826172,8440300
2012-11-30,34.7599983215332,35.06999969482422,34.130001068115234,34.529998779296875,28.732437133789062,6130500
2012-12-31,34.040000915527344,35.18000030517578,34.0,35.0099983215332,29.131855010986328,8321500
2013-01-31,32.20000076293945,32.220001220703125,31.809999465942383,31.920000076293945,26.5606689453125,8956000
2013-02-28,30.770000457763672,30.770000457763672,30.149999618530273,30.239999771118164,25.326175689697266,9116500
2013-03-31,29.209999084472656,29.459999084472656,29.020000457763672,29.399999618530273,24.622671127319336,4946200
2013-04-30,19.360000610351562,19.709999084472656,18.90999984741211,19.709999084472656,16.507240295410156,18086900
2013-05-31,20.950000762939453,21.6299991607666,20.829999923706055,21.1200008392334,17.87481117248535,22924300
2013-06-30,14.729999542236328,15.920000076293945,14.670000076293945,15.739999771118164,13.321470260620117,31004700
2013-07-31,17.1200008392334,17.530000686645508,16.6200008392334,16.969999313354492,14.362470626831055,19604300
2013-08-31,19.3700008392334,19.440000534057617,19.010000228881836,19.149999618530273,16.248701095581055,17245400
2013-09-30,18.3700008392334,18.81999969482422,18.299999237060547,18.6200008392334,15.798999786376953,10616100
2013-10-31,19.93000030517578,20.190000534057617,19.270000457763672,19.389999389648438,16.45234489440918,24625600
2013-11-30,16.579999923706055,16.670000076293945,16.440000534057617,16.489999771118164,14.034992218017578,5895800
2013-12-31,16.979999542236328,17.649999618530273,16.899999618530273,17.6299991607666,15.005274772644043,13362600
2014-01-31,19.329999923706055,19.56999969482422,19.059999465942383,19.280000686645508,16.409622192382812,16130300
2014-02-28,20.719999313354492,20.799999237060547,20.299999237060547,20.3799991607666,17.387094497680664,12270100
2014-03-31,18.18000030517578,18.290000915527344,17.75,17.829999923706055,15.211578369140625,10144600
2014-04-30,17.40999984741211,17.770000457763672,17.350000381469727,17.469999313354492,14.90444564819336,11828100
2014-05-31,15.850000381469727,16.1200008392334,15.720000267028809,16.110000610351562,13.7874174118042,13017200
2014-06-30,17.93000030517578,18.34000015258789,17.84000015258789,18.299999237060547,15.661684036254883,7898600
2014-07-31,18.06999969482422,18.450000762939453,18.049999237060547,18.079999923706055,15.47340202331543,9035100
2014-08-31,18.200000762939453,18.43000030517578,18.079999923706055,18.389999389648438,15.781946182250977,5076500
2014-09-30,14.880000114440918,15.0,14.550000190734863,14.65999984741211,12.5809326171875,15680800
2014-10-31,11.970000267028809,12.119999885559082,11.329999923706055,11.869999885559082,10.186607360839844,33658100
2014-11-30,12.319999694824219,12.359999656677246,11.829999923706055,11.890000343322754,10.243475914001465,13464100
2014-12-31,10.819999694824219,10.890000343322754,10.569999694824219,10.75,9.261341094970703,10791300
2015-01-31,12.350000381469727,12.9399995803833,12.170000076293945,12.779999732971191,11.01022720336914,16184700
2015-02-28,12.829999923706055,13.239999771118164,12.8100004196167,13.020000457763672,11.261752128601074,14261700
2015-03-31,11.100000381469727,11.199999809265137,10.899999618530273,10.960000038146973,9.479941368103027,9558600
2015-04-30,13.170000076293945,13.239999771118164,12.930000305175781,13.020000457763672,11.261752128601074,14933600
2015-05-31,11.970000267028809,12.050000190734863,11.729999542236328,11.859999656677246,10.302390098571777,11674000
2015-06-30,10.739999771118164,10.859999656677246,10.5600004196167,10.65999984741211,9.259992599487305,9690000
2015-07-31,7.21999979019165,7.329999923706055,6.909999847412109,7.059999942779541,6.1327900886535645,29460900
2015-08-31,6.980000019073486,7.0,6.630000114440918,6.949999809265137,6.055727005004883,23252800
2015-09-30,6.139999866485596,6.360000133514404,6.039999961853027,6.360000133514404,5.54164457321167,19589300
2015-10-31,7.829999923706055,7.989999771118164,7.690000057220459,7.690000057220459,6.700510025024414,17543000
2015-11-30,7.139999866485596,7.429999828338623,7.130000114440918,7.340000152587891,6.412923812866211,15264600
2015-12-31,7.340000152587891,7.440000057220459,7.289999961853027,7.380000114440918,6.447870254516602,7765100
2016-01-31,9.5,9.949999809265137,9.5,9.90999984741211,8.65832233428955,17992800
2016-02-29,13.640000343322754,14.0,13.600000381469727,13.890000343322754,12.153658866882324,17055200
2016-03-31,13.960000038146973,14.0,13.569999694824219,13.579999923706055,11.882414817810059,11409000
2016-04-30,17.959999084472656,19.399999618530273,17.950000762939453,19.3700008392334,16.948627471923828,35558300
2016-05-31,16.59000015258789,17.200000762939453,16.399999618530273,16.770000457763672,14.690790176391602,24952900
2016-06-30,21.0,21.43000030517578,20.850000381469727,21.350000381469727,18.702951431274414,16036400
2016-07-31,21.649999618530273,22.100000381469727,21.540000915527344,21.860000610351562,19.14971923828125,14774100
2016-08-31,17.110000610351562,17.479999542236328,16.75,17.010000228881836,14.917411804199219,36424200
2016-09-30,18.31999969482422,18.389999389648438,17.68000030517578,17.719999313354492,15.540069580078125,11204200
2016-10-31,17.170000076293945,17.6200008392334,17.0,17.59000015258789,15.42605972290039,15424000
2016-11-30,15.199999809265137,15.260000228881836,14.710000038146973,15.020000457763672,13.19009780883789,22946300
2016-12-31,16.440000534057617,16.84000015258789,15.9399995803833,15.979999542236328,14.033137321472168,18793400
2017-01-31,18.459999084472656,18.600000381469727,18.25,18.440000534057617,16.193431854248047,22459200
2017-02-28,19.170000076293945,19.360000610351562,18.020000457763672,18.579999923706055,16.341272354125977,32533800
2017-03-31,18.8799991607666,19.25,18.780000686645508,18.989999771118164,16.701875686645508,8676700
2017-04-30,16.799999237060547,17.020000457763672,16.690000534057617,16.719999313354492,14.705387115478516,16587000
2017-05-31,16.469999313354492,16.709999084472656,16.329999923706055,16.540000915527344,14.573918342590332,16226500
2017-06-30,15.880000114440918,16.010000228881836,15.779999732971191,15.90999984741211,14.018802642822266,8842400
2017-07-31,16.809999465942383,17.079999923706055,16.700000762939453,16.90999984741211,14.899933815002441,9527900
2017-08-31,17.760000228881836,18.06999969482422,17.690000534057617,17.989999771118164,15.878519058227539,9124900
2017-09-30,16.200000762939453,16.239999771118164,16.059999465942383,16.09000015258789,14.201518058776855,6429400
2017-10-31,14.609999656677246,14.630000114440918,14.40999984741211,14.449999809265137,12.754006385803223,10108600
2017-11-30,13.75,13.949999809265137,13.460000038146973,13.779999732971191,12.188448905944824,19871600
2017-12-31,14.460000038146973,14.5600004196167,14.399999618530273,14.470000267028809,12.798754692077637,5619700
2018-01-31,14.380000114440918,14.529999732971191,14.149999618530273,14.380000114440918,12.719148635864258,13304500
2018-02-28,11.729999542236328,11.800000190734863,11.510000228881836,11.520000457763672,10.214547157287598,12782900
2018-03-31,12.390000343322754,12.489999771118164,12.300000190734863,12.449999809265137,11.03916072845459,8371800
2018-04-30,13.630000114440918,13.65999984741211,13.399999618530273,13.470000267028809,11.943573951721191,10181200
2018-05-31,13.399999618530273,13.399999618530273,13.119999885559082,13.1899995803833,11.72168254852295,10971000
2018-06-30,12.789999961853027,13.210000038146973,12.710000038146973,13.130000114440918,11.668362617492676,13266400
2018-07-31,11.149999618530273,11.300000190734863,11.109999656677246,11.1899995803833,9.94432258605957,12351800
2018-08-31,10.520000457763672,10.619999885559082,10.34000015258789,10.420000076293945,9.286272048950195,14290400
2018-09-30,11.1899995803833,11.319999694824219,11.050000190734863,11.079999923706055,9.874463081359863,18227900
2018-10-31,12.649999618530273,12.65999984741211,12.319999694824219,12.550000190734863,11.184523582458496,23463000
2018-11-30,12.890000343322754,12.9399995803833,12.640000343322754,12.75,11.388944625854492,14699700
2018-12-31,13.0,13.59000015258789,12.6899995803833,13.539999961853027,12.15695571899414,22695500
2019-01-31,13.180000305175781,13.399999618530273,13.050000190734863,13.390000343322754,12.0222749710083,20388900
2019-02-28,12.520000457763672,12.65999984741211,12.4399995803833,12.640000343322754,11.348885536193848,11025400
2019-03-31,14.079999923706055,14.079999923706055,13.699999809265137,13.710000038146973,12.309591293334961,11198100
2019-04-30,12.65999984741211,12.850000381469727,12.640000343322754,12.720000267028809,11.420714378356934,13161400
2019-05-31,12.010000228881836,12.460000038146973,11.989999771118164,12.420000076293945,11.189449310302734,18191900
2019-06-30,15.789999961853027,15.859999656677246,15.510000228881836,15.770000457763672,14.207536697387695,11320500
2019-07-31,17.0,17.040000915527344,15.960000038146973,16.260000228881836,14.6489896774292,33657800
2019-08-31,19.079999923706055,19.5,19.040000915527344,19.3799991607666,17.49496078491211,13907800
2019-09-30,17.299999237060547,17.549999237060547,17.0,17.329999923706055,15.64435863494873,14847500
2019-10-31,17.290000915527344,17.479999542236328,17.15999984741211,17.360000610351562,15.671436309814453,13051200
2019-11-30,16.770000457763672,16.860000610351562,16.639999389648438,16.799999237060547,15.21144962310791,5515900
2019-12-31,18.739999771118164,18.829999923706055,18.5,18.59000015258789,16.83219337463379,9210900
2020-01-31,18.479999542236328,18.739999771118164,18.420000076293945,18.520000457763672,16.768815994262695,11002500
2020-02-29,18.350000381469727,19.1299991607666,18.030000686645508,19.040000915527344,17.297056198120117,40581500
2020-03-31,18.860000610351562,19.170000076293945,18.270000457763672,18.31999969482422,16.64296531677246,19294400
2020-04-30,26.100000381469727,26.559999465942383,25.329999923706055,25.719999313354492,23.365564346313477,17781500
2020-05-31,24.649999618530273,24.709999084472656,23.959999084472656,24.0,21.867002487182617,20309100
2020-06-30,26.059999465942383,27.040000915527344,25.850000381469727,26.940000534057617,24.545713424682617,15373000
2020-07-31,28.719999313354492,29.030000686645508,28.260000228881836,28.90999984741211,26.34062957763672,19799100
2020-08-31,29.479999542236328,29.979999542236328,29.280000686645508,29.649999618530273,27.0906925201416,14248100
2020-09-30,28.1200008392334,28.389999389648438,27.799999237060547,28.110000610351562,25.68362045288086,14891900
2020-10-31,26.40999984741211,26.770000457763672,25.75,26.729999542236328,24.422739028930664,14811100
2020-11-30,22.489999771118164,23.209999084472656,22.360000610351562,23.139999389648438,21.226293563842773,24409200
2020-12-31,23.25,23.270000457763672,22.700000762939453,22.780000686645508,20.89607048034668,18088000
2021-01-31,22.899999618530273,23.079999923706055,22.25,22.3700008392334,20.519975662231445,25413900
2021-02-28,19.229999542236328,19.290000915527344,18.639999389648438,18.670000076293945,17.20558738708496,32846000
2021-03-31,19.649999618530273,20.079999923706055,19.479999542236328,19.799999237060547,18.246950149536133,14160100
2021-04-30,21.280000686645508,21.520000457763672,21.149999618530273,21.25,19.583215713500977,13664100
2021-05-31,23.549999237060547,24.149999618530273,23.479999542236328,24.079999923706055,22.40085220336914,20374400
2021-06-30,20.700000762939453,20.809999465942383,20.459999084472656,20.68000030517578,19.237939834594727,10543800
2021-07-31,21.690000534057617,21.989999771118164,21.59000015258789,21.770000457763672,20.25193214416504,10184000
2021-08-31,19.889999389648438,20.110000610351562,19.829999923706055,20.06999969482422,18.885080337524414,11990000
2021-09-30,17.690000534057617,18.219999313354492,17.649999618530273,18.049999237060547,16.984338760375977,22313600
2021-10-31,18.6299991607666,18.719999313354492,18.3700008392334,18.3700008392334,17.285446166992188,22767500
2021-11-30,19.350000381469727,19.760000228881836,18.93000030517578,18.989999771118164,18.083454132080078,21083000
2021-12-31,18.979999542236328,19.079999923706055,18.780000686645508,19.0,18.092979431152344,14284100
2022-01-31,18.719999313354492,19.18000030517578,18.56999969482422,19.149999618530273,18.235816955566406,18321800
2022-02-28,22.8799991607666,22.90999984741211,22.329999923706055,22.56999969482422,21.588329315185547,23866200
2022-03-31,24.850000381469727,25.1299991607666,24.530000686645508,24.530000686645508,23.463083267211914,11671400
2022-04-30,22.739999771118164,22.889999389648438,22.280000686645508,22.309999465942383,21.339641571044922,18243400
2022-05-31,20.719999313354492,21.040000915527344,20.31999969482422,20.489999771118164,19.785011291503906,17817800
2022-06-30,18.290000915527344,18.34000015258789,17.639999389648438,17.690000534057617,17.081348419189453,20510500
2022-07-31,15.819999694824219,15.869999885559082,15.34000015258789,15.739999771118164,15.198440551757812,17488600
2022-08-31,14.890000343322754,15.09000015258789,14.800000190734863,14.850000381469727,14.528358459472656,19095400
2022-09-30,15.020000457763672,15.75,14.989999771118164,15.5,15.16427993774414,37708200
2022-10-31,15.140000343322754,15.279999732971191,15.020000457763672,15.029999732971191,14.704458236694336,17850000
2022-11-30,16.030000686645508,16.440000534057617,15.869999885559082,16.31999969482422,16.122541427612305,25458200
2022-12-31,17.309999465942383,17.34000015258789,17.040000915527344,17.18000030517578,16.972137451171875,12821900
2023-01-31,19.3799991607666,19.600000381469727,19.25,19.549999237060547,19.313461303710938,14899100
2023-02-28,15.949999809265137,16.280000686645508,15.850000381469727,16.1200008392334,16.025121688842773,21502400
2023-03-31,18.65999984741211,18.75,18.3799991607666,18.56999969482422,18.4606990814209,15434500
2023-04-30,19.100000381469727,19.18000030517578,18.84000015258789,19.040000915527344,18.927934646606445,12585400
2023-05-31,16.81999969482422,17.209999084472656,16.729999542236328,16.8799991607666,16.8799991607666,14331200
2023-06-30,16.690000534057617,16.93000030517578,16.600000381469727,16.93000030517578,16.93000030517578,12247700
2023-07-31,16.940000534057617,17.079999923706055,16.8700008392334,16.979999542236328,16.979999542236328,11239800
