Date,Open,High,Low,Close,Adj Close,Volume
2000-01-31,1360.1600341796875,1394.47998046875,1350.1400146484375,1394.4599609375,1394.4599609375,993800000
2000-02-29,1348.050048828125,1369.6300048828125,1348.050048828125,1366.4200439453125,1366.4200439453125,1204300000
2000-03-31,1487.9200439453125,1519.81005859375,1484.3800048828125,1498.5799560546875,1498.5799560546875,1227400000
2000-04-30,1464.9200439453125,1473.6199951171875,1448.1500244140625,1452.4300537109375,1452.4300537109375,984600000
2000-05-31,1422.43994140625,1434.489990234375,1415.5,1420.5999755859375,1420.5999755859375,960500000
2000-06-30,1442.3900146484375,1454.6800537109375,1438.7099609375,1454.5999755859375,1454.5999755859375,1459700000
2000-07-31,1419.8900146484375,1437.6500244140625,1418.7099609375,1430.8299560546875,1430.8299560546875,952600000
2000-08-31,1502.5899658203125,1525.2099609375,1502.5899658203125,1517.6800537109375,1517.6800537109375,1056600000
2000-09-30,1458.2900390625,1458.2900390625,1436.2900390625,1436.510009765625,1436.510009765625,1197100000
2000-10-31,1398.6600341796875,1432.219970703125,1398.6600341796875,1429.4000244140625,1429.4000244140625,1366400000
2000-11-30,1341.9100341796875,1341.9100341796875,1294.9000244140625,1314.949951171875,1314.949951171875,1186530000
2000-12-31,1334.219970703125,1340.0999755859375,1317.510009765625,1320.280029296875,1320.280029296875,1035500000
2001-01-31,1373.72998046875,1383.3699951171875,1364.6600341796875,1366.010009765625,1366.010009765625,1295300000
2001-02-28,1257.93994140625,1263.469970703125,1229.6500244140625,1239.93994140625,1239.93994140625,1225300000
2001-03-31,1147.949951171875,1162.800048828125,1143.8299560546875,1160.3299560546875,1160.3299560546875,1280800000
2001-04-30,1253.050048828125,1269.300048828125,1243.989990234375,1249.4599609375,1249.4599609375,1266800000
2001-05-31,1248.0799560546875,1261.9100341796875,1248.0699462890625,1255.8199462890625,1255.8199462890625,1226600000
2001-06-30,1226.199951171875,1237.2900390625,1221.1400146484375,1224.3800048828125,1224.3800048828125,1832360000
2001-07-31,1204.52001953125,1222.739990234375,1204.52001953125,1211.22998046875,1211.22998046875,1129200000
2001-08-31,1129.030029296875,1141.8299560546875,1126.3800048828125,1133.5799560546875,1133.5799560546875,920100000
2001-09-30,1018.6099853515625,1040.93994140625,1018.6099853515625,1040.93994140625,1040.93994140625,1631500000
2001-10-31,1059.7900390625,1074.7900390625,1057.550048828125,1059.780029296875,1059.780029296875,1352500000
2001-11-30,1140.199951171875,1143.5699462890625,1135.8900146484375,1139.449951171875,1139.449951171875,1343600000
2001-12-31,1161.02001953125,1161.1600341796875,1148.0400390625,1148.0799560546875,1148.0799560546875,943600000
2002-01-31,1113.5699462890625,1130.2099609375,1113.300048828125,1130.199951171875,1130.199951171875,1557000000
2002-02-28,1109.8900146484375,1121.5699462890625,1106.72998046875,1106.72998046875,1106.72998046875,1392200000
2002-03-31,1144.5799560546875,1154.449951171875,1144.5799560546875,1147.3900146484375,1147.3900146484375,1147600000
2002-04-30,1065.449951171875,1082.6199951171875,1063.4599609375,1076.9200439453125,1076.9200439453125,1628600000
2002-05-31,1064.6600341796875,1079.9300537109375,1064.6600341796875,1067.1400146484375,1067.1400146484375,1277300000
2002-06-30,990.6400146484375,1001.7899780273438,988.3099975585938,989.8200073242188,989.8200073242188,2117000000
2002-07-31,902.780029296875,911.6400146484375,889.8800048828125,911.6199951171875,911.6199951171875,2049360000
2002-08-31,917.7999877929688,928.1500244140625,910.1699829101562,916.0700073242188,916.0700073242188,929900000
2002-09-30,827.3699951171875,827.3699951171875,800.2000122070312,815.280029296875,815.280029296875,1721870000
2002-10-31,890.7100219726562,898.8300170898438,879.75,885.760009765625,885.760009765625,1641300000
2002-11-30,938.8699951171875,941.8200073242188,935.5800170898438,936.3099975585938,936.3099975585938,643460000
2002-12-31,879.3900146484375,881.9299926757812,869.4500122070312,879.8200073242188,879.8200073242188,1088500000
2003-01-31,844.6099853515625,858.3300170898438,840.3400268554688,855.7000122070312,855.7000122070312,1578530000
2003-02-28,837.280029296875,847.0,837.280029296875,841.1500244140625,841.1500244140625,1373300000
2003-03-31,863.5,863.5,843.6799926757812,848.1799926757812,848.1799926757812,1495500000
2003-04-30,917.8400268554688,922.010009765625,911.7000122070312,916.9199829101562,916.9199829101562,1788510000
2003-05-31,949.6400146484375,965.3800048828125,949.6400146484375,963.5900268554688,963.5900268554688,1688800000
2003-06-30,976.219970703125,983.6099853515625,973.5999755859375,974.5,974.5,1587200000
2003-07-31,987.489990234375,1004.5900268554688,987.489990234375,990.3099975585938,990.3099975585938,1608000000
2003-08-31,1002.8400268554688,1008.8499755859375,999.52001953125,1008.010009765625,1008.010009765625,945100000
2003-09-30,1006.5800170898438,1006.5800170898438,990.3599853515625,995.969970703125,995.969970703125,1590500000
2003-10-31,1046.93994140625,1053.0899658203125,1046.93994140625,1050.7099609375,1050.7099609375,1498900000
2003-11-30,1058.449951171875,1060.6300048828125,1056.77001953125,1058.199951171875,1058.199951171875,487220000
2003-12-31,1109.6400146484375,1112.56005859375,1106.2099609375,1111.9200439453125,1111.9200439453125,1027500000
2004-01-31,1134.1099853515625,1134.1700439453125,1127.72998046875,1131.1300048828125,1131.1300048828125,1635000000
2004-02-29,1145.800048828125,1151.6800537109375,1141.800048828125,1144.93994140625,1144.93994140625,1540400000
2004-03-31,1127.0,1130.8299560546875,1121.4599609375,1126.2099609375,1126.2099609375,1560700000
2004-04-30,1113.8900146484375,1119.260009765625,1107.22998046875,1107.300048828125,1107.300048828125,1634700000
2004-05-31,1121.280029296875,1122.68994140625,1118.0999755859375,1120.6800537109375,1120.6800537109375,1172600000
2004-06-30,1136.199951171875,1144.199951171875,1133.6199951171875,1140.8399658203125,1140.8399658203125,1473800000
2004-07-31,1100.4300537109375,1103.72998046875,1096.9599609375,1101.719970703125,1101.719970703125,1298200000
2004-08-31,1099.1500244140625,1104.239990234375,1094.719970703125,1104.239990234375,1104.239990234375,1138200000
2004-09-30,1114.800048828125,1116.31005859375,1109.6800537109375,1114.5799560546875,1114.5799560546875,1748000000
2004-10-31,1127.43994140625,1131.4000244140625,1124.6199951171875,1130.199951171875,1130.199951171875,1500800000
2004-11-30,1178.5699462890625,1178.6600341796875,1173.81005859375,1173.8199462890625,1173.8199462890625,1553500000
2004-12-31,1213.550048828125,1217.3299560546875,1211.6500244140625,1211.9200439453125,1211.9200439453125,786900000
2005-01-31,1171.3599853515625,1182.0699462890625,1171.3599853515625,1181.27001953125,1181.27001953125,1679800000
2005-02-28,1211.3699951171875,1211.3699951171875,1198.1300048828125,1203.5999755859375,1203.5999755859375,1795480000
2005-03-31,1181.4100341796875,1184.530029296875,1179.489990234375,1180.5899658203125,1180.5899658203125,2214230000
2005-04-30,1143.219970703125,1156.969970703125,1139.18994140625,1156.8499755859375,1156.8499755859375,2362360000
2005-05-31,1198.780029296875,1198.780029296875,1191.5,1191.5,1191.5,1840680000
2005-06-30,1199.8499755859375,1203.27001953125,1190.510009765625,1191.3299560546875,1191.3299560546875,2109490000
2005-07-31,1243.719970703125,1245.0400390625,1234.1800537109375,1234.1800537109375,1234.1800537109375,1789600000
2005-08-31,1208.4100341796875,1220.3599853515625,1204.4000244140625,1220.3299560546875,1220.3299560546875,2365510000
2005-09-30,1227.6800537109375,1229.5699462890625,1225.219970703125,1228.81005859375,1228.81005859375,2097520000
2005-10-31,1198.4100341796875,1211.4300537109375,1198.4100341796875,1207.010009765625,1207.010009765625,2567470000
2005-11-30,1257.47998046875,1260.9300537109375,1249.3900146484375,1249.47998046875,1249.47998046875,2374690000
2005-12-31,1254.4200439453125,1254.4200439453125,1246.5899658203125,1248.2900390625,1248.2900390625,1443500000
2006-01-31,1285.199951171875,1285.199951171875,1276.8499755859375,1280.0799560546875,1280.0799560546875,2708310000
2006-02-28,1294.1199951171875,1294.1199951171875,1278.6600341796875,1280.6600341796875,1280.6600341796875,2370860000
2006-03-31,1300.25,1303.0,1294.8699951171875,1294.8699951171875,1294.8699951171875,2236710000
2006-04-30,1309.719970703125,1316.0400390625,1306.1600341796875,1310.6099853515625,1310.6099853515625,2419920000
2006-05-31,1259.3800048828125,1270.0899658203125,1259.3800048828125,1270.0899658203125,1270.0899658203125,2692160000
2006-06-30,1272.8599853515625,1276.300048828125,1270.199951171875,1270.199951171875,1270.199951171875,3049560000
2006-07-31,1278.530029296875,1278.6600341796875,1274.31005859375,1276.6600341796875,1276.6600341796875,2461300000
2006-08-31,1304.25,1306.1099853515625,1302.449951171875,1303.8199462890625,1303.8199462890625,1974540000
2006-09-30,1339.1500244140625,1339.8800048828125,1335.6400146484375,1335.8499755859375,1335.8499755859375,2273430000
2006-10-31,1377.9300537109375,1381.2099609375,1372.18994140625,1377.93994140625,1377.93994140625,2803030000
2006-11-30,1399.469970703125,1406.300048828125,1393.8299560546875,1400.6300048828125,1400.6300048828125,4006230000
2006-12-31,1424.7099609375,1427.0,1416.8399658203125,1418.300048828125,1418.300048828125,1678200000
2007-01-31,1428.6500244140625,1441.6099853515625,1424.780029296875,1438.239990234375,1438.239990234375,2976690000
2007-02-28,1398.6400146484375,1415.8900146484375,1396.6500244140625,1406.8199462890625,1406.8199462890625,3925250000
2007-03-31,1422.52001953125,1429.219970703125,1408.9000244140625,1420.8599853515625,1420.8599853515625,2903960000
2007-04-30,1494.0699462890625,1497.1600341796875,1482.2900390625,1482.3699951171875,1482.3699951171875,3093420000
2007-05-31,1530.18994140625,1535.56005859375,1528.260009765625,1530.6199951171875,1530.6199951171875,3335530000
2007-06-30,1505.699951171875,1517.530029296875,1493.6099853515625,1503.3499755859375,1503.3499755859375,3165410000
2007-07-31,1473.9000244140625,1488.300048828125,1454.25,1455.27001953125,1455.27001953125,4524520000
2007-08-31,1457.6099853515625,1481.469970703125,1457.6099853515625,1473.989990234375,1473.989990234375,2731610000
2007-09-30,1531.239990234375,1533.739990234375,1521.989990234375,1526.75,1526.75,2925350000
2007-10-31,1532.1500244140625,1552.760009765625,1529.4000244140625,1549.3800048828125,1549.3800048828125,3953070000
2007-11-30,1471.8299560546875,1488.93994140625,1470.8900146484375,1481.1400146484375,1481.1400146484375,4422200000
2007-12-31,1475.25,1475.8299560546875,1465.1300048828125,1468.3599853515625,1468.3599853515625,2440880000
2008-01-31,1351.97998046875,1385.6199951171875,1334.0799560546875,1378.550048828125,1378.550048828125,4970290000
2008-02-29,1364.0699462890625,1364.0699462890625,1325.4200439453125,1330.6300048828125,1330.6300048828125,4426730000
2008-03-31,1315.9200439453125,1328.52001953125,1312.81005859375,1322.699951171875,1322.699951171875,4188990000
2008-04-30,1391.219970703125,1404.5699462890625,1384.25,1385.5899658203125,1385.5899658203125,4508890000
2008-05-31,1398.3599853515625,1404.4599609375,1398.0799560546875,1400.3800048828125,1400.3800048828125,3845630000
2008-06-30,1278.06005859375,1290.31005859375,1274.8599853515625,1280.0,1280.0,5032330000
2008-07-31,1281.3699951171875,1284.9300537109375,1265.969970703125,1267.3800048828125,1267.3800048828125,5346050000
2008-08-31,1296.489990234375,1297.5899658203125,1282.739990234375,1282.8299560546875,1282.8299560546875,3288120000
2008-09-30,1113.780029296875,1168.030029296875,1113.780029296875,1166.3599853515625,1166.3599853515625,4937680000
2008-10-31,953.1099853515625,984.3800048828125,944.5900268554688,968.75,968.75,6394350000
2008-11-30,886.8900146484375,896.25,881.2100219726562,896.239990234375,896.239990234375,2740860000
2008-12-31,890.5900268554688,910.3200073242188,889.6699829101562,903.25,903.25,4172940000
2009-01-31,845.6900024414062,851.6599731445312,821.6699829101562,825.8800048828125,825.8800048828125,5350580000
2009-02-28,749.9299926757812,751.27001953125,734.52001953125,735.0900268554688,735.0900268554688,8926480000
2009-03-31,790.8800048828125,810.47998046875,790.8800048828125,797.8699951171875,797.8699951171875,6089100000
2009-04-30,876.5900268554688,888.7000122070312,868.510009765625,872.8099975585938,872.8099975585938,6862540000
2009-05-31,907.02001953125,920.02001953125,903.5599975585938,919.1400146484375,919.1400146484375,6050420000
2009-06-30,927.1500244140625,930.010009765625,912.8599853515625,919.3200073242188,919.3200073242188,4627570000
2009-07-31,986.7999877929688,993.1799926757812,982.8499755859375,987.47998046875,987.47998046875,5139070000
2009-08-31,1025.2099609375,1025.2099609375,1014.6199951171875,1020.6199951171875,1020.6199951171875,5004560000
2009-09-30,1061.02001953125,1063.4000244140625,1046.469970703125,1057.0799560546875,1057.0799560546875,5998860000
2009-10-31,1065.4100341796875,1065.4100341796875,1033.3800048828125,1036.18994140625,1036.18994140625,6512420000
2009-11-30,1091.0699462890625,1097.239990234375,1086.25,1095.6300048828125,1095.6300048828125,3895520000
2009-12-31,1126.5999755859375,1127.6400146484375,1114.81005859375,1115.0999755859375,1115.0999755859375,2076990000
2010-01-31,1087.6099853515625,1096.449951171875,1071.5899658203125,1073.8699951171875,1073.8699951171875,5412850000
2010-02-28,1103.0999755859375,1107.239990234375,1097.56005859375,1104.489990234375,1104.489990234375,3945190000
2010-03-31,1171.75,1174.56005859375,1165.77001953125,1169.4300537109375,1169.4300537109375,4484340000
2010-04-30,1206.77001953125,1207.989990234375,1186.3199462890625,1186.68994140625,1186.68994140625,6048260000
2010-05-31,1102.5899658203125,1102.5899658203125,1084.780029296875,1089.4100341796875,1089.4100341796875,4871210000
2010-06-30,1040.56005859375,1048.0799560546875,1028.3299560546875,1030.7099609375,1030.7099609375,5067080000
2010-07-31,1098.43994140625,1106.43994140625,1088.010009765625,1101.5999755859375,1101.5999755859375,4006450000
2010-08-31,1046.8800048828125,1055.1400146484375,1040.8800048828125,1049.3299560546875,1049.3299560546875,4038770000
2010-09-30,1145.969970703125,1157.1600341796875,1136.0799560546875,1141.199951171875,1141.199951171875,4284160000
2010-10-31,1183.8699951171875,1185.4599609375,1179.699951171875,1183.260009765625,1183.260009765625,3537880000
2010-11-30,1182.9599609375,1187.4000244140625,1174.1400146484375,1180.550048828125,1180.550048828125,4284700000
2010-12-31,1256.760009765625,1259.3399658203125,1254.18994140625,1257.6400146484375,1257.6400146484375,1799770000
2011-01-31,1276.5,1287.1700439453125,1276.5,1286.1199951171875,1286.1199951171875,4167160000
2011-02-28,1321.6099853515625,1329.3800048828125,1320.550048828125,1327.219970703125,1327.219970703125,1252850000
2011-03-31,1327.43994140625,1329.77001953125,1325.030029296875,1325.8299560546875,1325.8299560546875,3566270000
2011-04-30,1360.1400146484375,1364.56005859375,1358.68994140625,1363.6099853515625,1363.6099853515625,3479070000
2011-05-31,1331.0999755859375,1345.199951171875,1331.0999755859375,1345.199951171875,1345.199951171875,4696240000
2011-06-30,1307.6400146484375,1321.969970703125,1307.6400146484375,1320.6400146484375,1320.6400146484375,4200500000
2011-07-31,1300.1199951171875,1304.1600341796875,1282.8599853515625,1292.280029296875,1292.280029296875,5061190000
2011-08-31,1213.0,1230.7099609375,1209.3499755859375,1218.8900146484375,1218.8900146484375,5267840000
2011-09-30,1159.9300537109375,1159.9300537109375,1131.3399658203125,1131.4200439453125,1131.4200439453125,4416790000
2011-10-31,1284.9599609375,1284.9599609375,1253.1600341796875,1253.300048828125,1253.300048828125,4310210000
2011-11-30,1196.719970703125,1247.1099853515625,1196.719970703125,1246.9599609375,1246.9599609375,5801910000
2011-12-31,1262.8199462890625,1264.1199951171875,1257.4599609375,1257.5999755859375,1257.5999755859375,2271850000
2012-01-31,1313.530029296875,1321.4100341796875,1306.68994140625,1312.4100341796875,1312.4100341796875,4235550000
2012-02-29,1372.199951171875,1378.0400390625,1363.81005859375,1365.6800537109375,1365.6800537109375,4482370000
2012-03-31,1403.31005859375,1410.8900146484375,1401.4200439453125,1408.469970703125,1408.469970703125,3676890000
2012-04-30,1403.260009765625,1403.260009765625,1394.0,1397.9100341796875,1397.9100341796875,3574010000
2012-05-31,1313.0899658203125,1319.739990234375,1298.9000244140625,1310.3299560546875,1310.3299560546875,4557620000
2012-06-30,1330.1199951171875,1362.1700439453125,1330.1199951171875,1362.1600341796875,1362.1600341796875,4590480000
2012-07-31,1385.27001953125,1387.1600341796875,1379.1700439453125,1379.3199462890625,1379.3199462890625,3821570000
2012-08-31,1400.0699462890625,1413.0899658203125,1398.9599609375,1406.5799560546875,1406.5799560546875,2938250000
2012-09-30,1447.1300048828125,1447.1300048828125,1435.5999755859375,1440.6700439453125,1440.6700439453125,3509230000
2012-10-31,1410.989990234375,1418.760009765625,1405.949951171875,1412.1600341796875,1412.1600341796875,3577110000
2012-11-30,1415.949951171875,1418.8599853515625,1411.6300048828125,1416.1800537109375,1416.1800537109375,3966000000
2012-12-31,1402.4300537109375,1426.739990234375,1398.1099853515625,1426.18994140625,1426.18994140625,3204330000
2013-01-31,1501.9599609375,1504.18994140625,1496.760009765625,1498.1099853515625,1498.1099853515625,3999880000
2013-02-28,1515.989990234375,1525.3399658203125,1514.4599609375,1514.6800537109375,1514.6800537109375,3912320000
2013-03-31,1562.8599853515625,1570.280029296875,1561.0799560546875,1569.18994140625,1569.18994140625,3304440000
2013-04-30,1593.5799560546875,1597.5699462890625,1586.5,1597.5699462890625,1597.5699462890625,3745070000
2013-05-31,1652.1300048828125,1658.989990234375,1630.739990234375,1630.739990234375,1630.739990234375,4099600000
2013-06-30,1611.1199951171875,1615.93994140625,1601.06005859375,1606.280029296875,1606.280029296875,4977190000
2013-07-31,1687.760009765625,1698.4300537109375,1684.93994140625,1685.72998046875,1685.72998046875,3847390000
2013-08-31,1638.8900146484375,1640.0799560546875,1628.050048828125,1632.969970703125,1632.969970703125,2734300000
2013-09-30,1687.260009765625,1687.260009765625,1674.989990234375,1681.550048828125,1681.550048828125,3308630000
2013-10-31,1763.239990234375,1768.530029296875,1755.719970703125,1756.5400390625,1756.5400390625,3826530000
2013-11-30,1808.68994140625,1813.550048828125,1803.97998046875,1805.81005859375,1805.81005859375,1598300000
2013-12-31,1842.6099853515625,1849.43994140625,1842.4100341796875,1848.3599853515625,1848.3599853515625,2312840000
2014-01-31,1790.8800048828125,1793.8800048828125,1772.260009765625,1782.5899658203125,1782.5899658203125,4059690000
2014-02-28,1855.1199951171875,1867.9200439453125,1847.6700439453125,1859.449951171875,1859.449951171875,3917450000
2014-03-31,1859.1600341796875,1875.1800537109375,1859.1600341796875,1872.3399658203125,1872.3399658203125,3274300000
2014-04-30,1877.0999755859375,1885.199951171875,1872.68994140625,1883.949951171875,1883.949951171875,3779230000
2014-05-31,1920.3299560546875,1924.030029296875,1916.6400146484375,1923.5699462890625,1923.5699462890625,3263490000
2014-06-30,1960.7900390625,1964.239990234375,1958.219970703125,1960.22998046875,1960.22998046875,3037350000
2014-07-31,1965.1400146484375,1965.1400146484375,1930.6700439453125,1930.6700439453125,1930.6700439453125,4193000000
2014-08-31,1998.449951171875,2003.3800048828125,1994.6500244140625,2003.3699951171875,2003.3699951171875,2259130000
2014-09-30,1978.2099609375,1985.1700439453125,1968.9599609375,1972.2900390625,1972.2900390625,3951100000
2014-10-31,2001.199951171875,2018.18994140625,2001.199951171875,2018.050048828125,2018.050048828125,4292290000
2014-11-30,2074.780029296875,2075.760009765625,2065.06005859375,2067.56005859375,2067.56005859375,2504640000
2014-12-31,2082.110107421875,2085.580078125,2057.93994140625,2058.89990234375,2058.89990234375,2606070000
2015-01-31,2019.3499755859375,2023.3199462890625,1993.3800048828125,1994.989990234375,1994.989990234375,4568650000
2015-02-28,2110.8798828125,2112.739990234375,2103.75,2104.5,2104.5,3547380000
2015-03-31,2084.050048828125,2084.050048828125,2067.0400390625,2067.889892578125,2067.889892578125,3376550000
2015-04-30,2105.52001953125,2105.52001953125,2077.590087890625,2085.510009765625,2085.510009765625,4509680000
2015-05-31,2120.659912109375,2120.659912109375,2104.889892578125,2107.389892578125,2107.389892578125,3927390000
2015-06-30,2061.18994140625,2074.280029296875,2056.320068359375,2063.110107421875,2063.110107421875,4078540000
2015-07-31,2111.60009765625,2114.239990234375,2102.070068359375,2103.840087890625,2103.840087890625,3681340000
2015-08-31,1986.72998046875,1986.72998046875,1965.97998046875,1972.1800537109375,1972.1800537109375,3915100000
2015-09-30,1887.1400146484375,1920.530029296875,1887.1400146484375,1920.030029296875,1920.030029296875,4525070000
2015-10-31,2090.0,2094.320068359375,2079.340087890625,2079.360107421875,2079.360107421875,4256200000
2015-11-30,2090.949951171875,2093.81005859375,2080.409912109375,2080.409912109375,2080.409912109375,4275030000
2015-12-31,2060.590087890625,2062.5400390625,2043.6199951171875,2043.93994140625,2043.93994140625,2655330000
2016-01-31,1894.0,1940.239990234375,1894.0,1940.239990234375,1940.239990234375,5497570000
2016-02-29,1947.1300048828125,1958.27001953125,1931.81005859375,1932.22998046875,1932.22998046875,4588180000
2016-03-31,2063.77001953125,2067.919921875,2057.4599609375,2059.739990234375,2059.739990234375,3715280000
2016-04-30,2071.820068359375,2073.85009765625,2052.280029296875,2065.300048828125,2065.300048828125,4704720000
2016-05-31,2100.1298828125,2103.47998046875,2088.659912109375,2096.949951171875,2096.949951171875,4514410000
2016-06-30,2073.169921875,2098.93994140625,2070.0,2098.860107421875,2098.860107421875,4622820000
2016-07-31,2168.830078125,2177.090087890625,2163.489990234375,2173.60009765625,2173.60009765625,4038840000
2016-08-31,2173.56005859375,2173.7900390625,2161.35009765625,2170.949951171875,2170.949951171875,3766390000
2016-09-30,2156.510009765625,2175.300048828125,2156.510009765625,2168.27001953125,2168.27001953125,4158800000
2016-10-31,2129.780029296875,2133.25,2125.530029296875,2126.14990234375,2126.14990234375,3926560000
2016-11-30,2204.969970703125,2214.10009765625,2198.81005859375,2198.81005859375,2198.81005859375,5538400000
2016-12-31,2251.610107421875,2253.580078125,2233.6201171875,2238.830078125,2238.830078125,2671550000
2017-01-31,2274.02001953125,2279.090087890625,2267.2099609375,2278.8701171875,2278.8701171875,4089730000
2017-02-28,2366.080078125,2367.7900390625,2358.9599609375,2363.639892578125,2363.639892578125,4212460000
2017-03-31,2364.820068359375,2370.35009765625,2362.60009765625,2362.719970703125,2362.719970703125,3356740000
2017-04-30,2393.679931640625,2393.679931640625,2382.360107421875,2384.199951171875,2384.199951171875,3721350000
2017-05-31,2415.6298828125,2415.989990234375,2403.590087890625,2411.800048828125,2411.800048828125,4518040000
2017-06-30,2429.199951171875,2432.7099609375,2421.64990234375,2423.409912109375,2423.409912109375,3366030000
2017-07-31,2475.93994140625,2477.9599609375,2468.530029296875,2470.300048828125,2470.300048828125,3475930000
2017-08-31,2462.64990234375,2475.010009765625,2462.64990234375,2471.64990234375,2471.64990234375,3353860000
2017-09-30,2509.9599609375,2519.43994140625,2507.989990234375,2519.360107421875,2519.360107421875,3220260000
2017-10-31,2575.989990234375,2578.2900390625,2572.14990234375,2575.260009765625,2575.260009765625,3844420000
2017-11-30,2633.929931640625,2657.739990234375,2633.929931640625,2647.580078125,2647.580078125,4965700000
2017-12-31,2689.14990234375,2692.1201171875,2673.610107421875,2673.610107421875,2673.610107421875,2447760000
2018-01-31,2832.409912109375,2839.260009765625,2813.0400390625,2823.81005859375,2823.81005859375,4276270000
2018-02-28,2753.780029296875,2761.52001953125,2713.5400390625,2713.830078125,2713.830078125,4244570000
2018-03-31,2614.409912109375,2659.070068359375,2609.719970703125,2640.8701171875,2640.8701171875,3572360000
2018-04-30,2682.510009765625,2682.8701171875,2648.0400390625,2648.050048828125,2648.050048828125,3749510000
2018-05-31,2720.97998046875,2722.5,2700.679931640625,2705.27001953125,2705.27001953125,4241100000
2018-06-30,2727.1298828125,2743.260009765625,2718.030029296875,2718.3701171875,2718.3701171875,3586800000
2018-07-31,2809.72998046875,2824.4599609375,2808.06005859375,2816.2900390625,2816.2900390625,3906890000
2018-08-31,2898.3701171875,2906.320068359375,2891.72998046875,2901.52001953125,2901.52001953125,2887220000
2018-09-30,2910.030029296875,2920.530029296875,2907.5,2913.97998046875,2913.97998046875,3461680000
2018-10-31,2705.60009765625,2736.68994140625,2705.60009765625,2711.739990234375,2711.739990234375,5133380000
2018-11-30,2737.760009765625,2760.8798828125,2732.760009765625,2760.169921875,2760.169921875,4668310000
2018-12-31,2498.93994140625,2509.239990234375,2482.820068359375,2506.85009765625,2506.85009765625,3461920000
2019-01-31,2685.489990234375,2708.949951171875,2678.64990234375,2704.10009765625,2704.10009765625,4953800000
2019-02-28,2788.110107421875,2793.72998046875,2782.510009765625,2784.489990234375,2784.489990234375,4445780000
2019-03-31,2828.27001953125,2836.030029296875,2819.22998046875,2834.39990234375,2834.39990234375,3752520000
2019-04-30,2937.139892578125,2948.219970703125,2924.110107421875,2945.830078125,2945.830078125,3939760000
2019-05-31,2766.14990234375,2768.97998046875,2750.52001953125,2752.06005859375,2752.06005859375,3982670000
2019-06-30,2932.93994140625,2943.97998046875,2929.050048828125,2941.760009765625,2941.760009765625,5422650000
2019-07-31,3016.219970703125,3017.39990234375,2958.080078125,2980.3798828125,2980.3798828125,4626330000
2019-08-31,2937.090087890625,2940.429931640625,2913.320068359375,2926.4599609375,2926.4599609375,3009910000
2019-09-30,2967.070068359375,2983.85009765625,2967.070068359375,2976.739990234375,2976.739990234375,3249130000
2019-10-31,3046.89990234375,3046.89990234375,3023.18994140625,3037.56005859375,3037.56005859375,4149310000
2019-11-30,3147.179931640625,3150.300048828125,3139.340087890625,3140.97998046875,3140.97998046875,1743420000
2019-12-31,3215.179931640625,3231.719970703125,3212.030029296875,3230.780029296875,3230.780029296875,2894760000
2020-01-31,3282.330078125,3282.330078125,3214.679931640625,3225.52001953125,3225.52001953125,4529700000
2020-02-29,2916.89990234375,2959.719970703125,2855.840087890625,2954.219970703125,2954.219970703125,8569570000
2020-03-31,2614.68994140625,2641.389892578125,2571.14990234375,2584.590087890625,2584.590087890625,6576210000
2020-04-30,2930.909912109375,2930.909912109375,2892.469970703125,2912.429931640625,2912.429931640625,6544980000
2020-05-31,3025.169921875,3049.169921875,2998.610107421875,3044.31005859375,3044.31005859375,7297550000
2020-06-30,3050.199951171875,3111.510009765625,3047.830078125,3100.2900390625,3100.2900390625,4705850000
2020-07-31,3270.449951171875,3272.169921875,3220.260009765625,3271.1201171875,3271.1201171875,5007530000
2020-08-31,3509.72998046875,3514.77001953125,3493.25,3500.31005859375,3500.31005859375,4348280000
2020-09-30,3341.2099609375,3393.56005859375,3340.469970703125,3363.0,3363.0,4738640000
2020-10-31,3293.590087890625,3304.929931640625,3233.93994140625,3269.9599609375,3269.9599609375,4843930000
2020-11-30,3634.179931640625,3634.179931640625,3594.389892578125,3621.6298828125,3621.6298828125,6308410000
2020-12-31,3733.27001953125,3760.199951171875,3726.8798828125,3756.070068359375,3756.070068359375,3179040000
2021-01-31,3778.050048828125,3778.050048828125,3694.1201171875,3714.239990234375,3714.239990234375,6643370000
2021-02-28,3839.659912109375,3861.080078125,3789.5400390625,3811.14990234375,3811.14990234375,6526070000
2021-03-31,3967.25,3994.409912109375,3966.97998046875,3972.889892578125,3972.889892578125,4578050000
2021-04-30,4198.10009765625,4198.10009765625,4174.85009765625,4181.169921875,4181.169921875,4300880000
2021-05-31,4210.77001953125,4218.35986328125,4203.56982421875,4204.10986328125,4204.10986328125,4649250000
2021-06-30,4290.64990234375,4302.43017578125,4287.9599609375,4297.5,4297.5,4266040000
2021-07-31,4395.1201171875,4412.25,4389.64990234375,4395.259765625,4395.259765625,3956740000
2021-08-31,4529.75,4531.39013671875,4515.7998046875,4522.68017578125,4522.68017578125,4290710000
2021-09-30,4370.669921875,4382.5498046875,4306.240234375,4307.5400390625,4307.5400390625,4448140000
2021-10-31,4572.8701171875,4608.080078125,4567.58984375,4605.3798828125,4605.3798828125,4510200000
2021-11-30,4640.25,4646.02001953125,4560.0,4567.0,4567.0,6625990000
2021-12-31,4775.2099609375,4786.830078125,4765.75,4766.18017578125,4766.18017578125,2677820000
2022-01-31,4431.7900390625,4516.89013671875,4414.02001953125,4515.5498046875,4515.5498046875,5098610000
2022-02-28,4354.169921875,4388.83984375,4315.1201171875,4373.93994140625,4373.93994140625,6071370000
2022-03-31,4599.02001953125,4603.06982421875,4530.41015625,4530.41015625,4530.41015625,4823020000
2022-04-30,4253.75,4269.68017578125,4124.27978515625,4131.93017578125,4131.93017578125,5084030000
2022-05-31,4151.08984375,4168.33984375,4104.8798828125,4132.14990234375,4132.14990234375,6822640000
2022-06-30,3785.989990234375,3818.989990234375,3738.669921875,3785.3798828125,3785.3798828125,4840070000
2022-07-31,4087.330078125,4140.14990234375,4079.219970703125,4130.2900390625,4130.2900390625,4616360000
2022-08-31,4000.669921875,4015.3701171875,3954.530029296875,3955.0,3955.0,4542490000
2022-09-30,3633.47998046875,3671.43994140625,3584.1298828125,3585.6201171875,3585.6201171875,5645360000
2022-10-31,3881.85009765625,3893.72998046875,3863.179931640625,3871.97998046875,3871.97998046875,4820620000
2022-11-30,3957.179931640625,4080.110107421875,3938.580078125,4080.110107421875,4080.110107421875,6579360000
2022-12-31,3829.06005859375,3839.85009765625,3800.340087890625,3839.5,3839.5,2979870000
2023-01-31,4020.85009765625,4077.159912109375,4020.43994140625,4076.60009765625,4076.60009765625,4679320000
2023-02-28,3977.18994140625,3997.5,3968.97998046875,3970.14990234375,3970.14990234375,5043400000
2023-03-31,4056.179931640625,4110.75,4056.179931640625,4109.31005859375,4109.31005859375,4525120000
2023-04-30,4129.6298828125,4170.06005859375,4127.18017578125,4169.47998046875,4169.47998046875,4087800000
2023-05-31,4190.740234375,4195.43994140625,4166.14990234375,4179.830078125,4179.830078125,5980670000
2023-06-30,4422.43994140625,4458.47998046875,4422.43994140625,4450.3798828125,4450.3798828125,3923450000
2023-07-31,4565.75,4590.16015625,4564.009765625,4582.22998046875,4582.22998046875,3981010000
